1 1504122120
1 21181214044
1 20040100015
1 1202121044
1 17011210169
1 21051212232
1 20181214211
1 19021211219
1 19040500118
1 1508122468
1 17111212816
1 20131213252
1 1310122660
1 18041211630
1 20009100047
1 15130120183
1 21071212688
1 21041211970
1 18171213296
1 14121042
1 2117009
1 14020520004
1 21181214296
1 1706110333
1 17031211540
1 1704110305
1 21021211248
1 1303121599
1 1502121261
1 18010100316
1 20031211691
1 16010130045
1 21181214257
1 1304110226
1 1502121368
1 18021210026
1 1602121252
1 18121212841
1 4111071
1 17101212529
1 19131213360
1 1501120250
1 20051212097
1 15140120077
1 1211122767
1 1502121353
1 18180100088
1 1121540
1 18011210495
1 2123068
1 15010140055
1 1303121921
1 13020110061
1 13111389
1 1404122137
1 18021110206
1 20140100003
1 17040310041
1 18021110178
1 1603310047
1 1301120473
1 1502121231
1 17021211391
1 19171213886
1 21011210539
1 17010410025
1 18021210033
1 21181214378
1 19200100138
1 1501120322
1 20181214341
1 1501120189
1 19041211890
1 7114119
1 1402121179
1 18011210146
1 14112005
1 1401120644
1 13020120029
1 21031211463
1 1210122637
1 1606300105
1 19030600015
1 21111212868
1 1204121898
1 111132
1 1602121144
1 21181214430
1 7121013
1 1511122643
1 1404122174
1 1205122270
1 14050520029
1 17021210642
1 1502121180
1 18011210418
1 21041211917
1 1502121314
1 14130140397
1 16040520050
1 20031211595
1 21181224486
1 1204122090
1 1121016
1 18021210762
2 18020100380
2 14010310088
2 14140110024
2 1401120371
2 1201120529
2 20021211147
2 19010500060
2 1207122402
2 1602121324
2 20051212160
2 20021210689
2 2111371
2 19051212319
2 15040610012
2 5114030
2 20021211184
2 14130110086
2 19050100221
2 13010110038
2 21181214061
2 2111173
2 2125081
2 1202121419
2 13030120039
2 1202121503
2 1602121016
2 18111212698
2 19070300025
2 1206122362
2 20061212525
2 1203121837
2 1506300120
2 16130110033
2 3121205
2 19111212934
2 15140280039
2 1402121420
2 21151213583
2 13070110029
2 19021210768
2 1121079
2 3112021
2 15140110067
2 18180100102
2 19069100220
2 20141213406
2 1403121681
2 1307122463
2 1311122692
2 1311110297
2 1602120974
2 19200100138
2 17101223404
2 1601320336
2 6114030
2 1602121217
2 21031211675
2 1202120890
2 19010100010
2 20031211440
2 13121210
2 1402121515
2 13040510003
2 17021210738
2 1504121841
2 21011210246
2 19011210321
2 20011210368
2 17020110083
2 1502121220
2 18140100092
2 13030130036
2 17020130068
2 3121099
2 1602121133
2 15010130110
2 2121440
2 17031211446
2 19140100012
2 20141213409
2 1510122521
2 17140210044
2 17021210808
2 19031211593
2 111302
2 1405122282
2 2111032
2 15050120055
2 18180200002
2 1403110197
2 1501120547
2 3121411
2 1601120443
2 19050100094
2 20151110369
2 14050310022
2 19111213124
2 17021210916
2 19121110567
2 7116026
2 1602121318
2 18031211537
2 18011210105
2 18041211810
2 17140210090
2 19011110007
2 21171110178
2 18011210038
2 2121472
2 1203121797
2 1411122687
2 1211122770
2 19041211863
2 1303121855
2 19011210160
2 21021211312
2 1505122155
2 14030140100
2 19011210410
2 18111110617
2 1301120530
2 19010400026
2 1401120167
2 2111352
2 4123088
2 18020100435
2 20021211115
2 14040410002
2 16010120032
2 21031211732
2 21041211879
2 14010110073
2 13070210030
2 21021211301
2 8111029
2 18140200142
2 1402121453
2 1502121334
2 2121299
2 1302121309
2 18031211532
2 21111212808
2 19069100014
2 1502121106
2 1211122690
2 16030140004
2 1603121612
2 15040410067
2 14050110002
2 18140100025
2 1401120610
2 17041211914
2 21141213500
2 15130110015
2 1411122672
2 1401320561
2 13070210014
2 21111213076
2 1411122709
2 1403121577
2 13130120132
2 18180100138
2 19121213284
2 1401110079
2 1201120699
2 18140100007
2 1706110333
2 3111172
2 20030540010
2 16010110060
2 19010500031
2 21181214259
2 17041211954
2 20041212006
2 16030120025
2 1506122307
2 4124021
2 19050400010
2 1302120819
2 19020100168
2 19010100226
2 20051212102
2 17010110011
2 21051212152
2 1011110021
2 17140210095
2 3121212
2 1311122820
2 2120002
2 1401120531
2 14030130013
2 17151213172
2 14111154
2 1604122043
2 1204122171
2 13111378
2 1301120456
2 1402121252
2 14010120078
2 3121179
2 21111212963
2 18051210058
2 18069100029
2 1602121387
2 18130500097
2 2116010
2 1206122335
2 2121442
2 1502120686
2 20009100875
2 17011210574
2 15180120001
2 1301120185
2 19010100210
2 20022100008
2 1203121721
2 1121020
2 13010150028
2 1113052
2 21063222535
2 14040410061
2 21141213491
2 1401110012
2 1301120248
2 18031211276
2 1302121032
2 14010150036
2 16030140095
2 18031211386
2 18031211366
2 1302121162
2 1601120501
2 20011210102
2 13040310055
2 20111110262
2 20041222020
2 21041211960
2 19070100011
2 1203121609
3 1501110103
3 16040310092
3 17101223390
3 21031211513
3 1404121901
3 6122001
3 1305122333
3 1602120776
3 20009201376
3 7114065
3 15010130070
3 1506122326
3 111330
3 13010520037
3 1302110020
3 18021110260
3 20009102142
3 14040510050
3 20021210863
3 21161213767
3 21051212226
3 14121151
3 19021210682
3 21151213545
3 21111212909
3 20021210781
3 20009200732
3 15050510052
3 17061212221
3 16130140349
3 2123091
3 1302121509
3 20181213972
3 17101212481
3 16020310022
3 15020120009
3 1602121267
3 1605122152
3 17111212741
3 1115093
3 15020710022
3 17111212738
3 1511122572
3 20009100463
3 18030400031
3 15069120023
3 20159100061
3 14122027
3 2111287
3 18021210661
3 20181213881
3 20011210378
3 15090310009
3 20009200159
3 17011210344
3 1701110018
3 1204121897
3 19040100082
3 1403121771
3 1501110062
3 21051212246
3 13060210022
3 18020100089
3 1202121055
3 20061212379
3 1403121538
3 18010500112
3 21171213977
3 1003110053
3 1405110244
3 1504121903
3 18020300015
3 1003310268
3 2121432
3 19150100004
3 18171213303
3 19180200002
3 17011210601
3 17030130086
3 1402121028
3 1502121034
3 1205122214
3 20011210366
3 21171213884
3 21131213386
3 17151213169
3 1511122598
3 19030100099
3 13170210032
3 9201110248
3 14040310007
3 13170110023
3 13140110047
3 712310172
3 13040310011
3 20200340019
3 13060310011
3 3121191
3 1301120292
3 1604122050
3 17140210098
3 1405122231
3 21111213004
3 20009100027
3 4123141
3 21021210893
3 20021211255
3 8116013
3 18071212271
3 19051212160
3 18111212604
3 15070310027
3 1311122905
3 1306122366
3 21151213659
3 1508122459
3 1502121135
3 1501120512
3 14140199017
3 19160100008
3 20031211551
3 15050310010
3 1510122509
3 1307122535
3 1307122507
3 1402121251
3 20079100081
3 2115057
3 20091212683
3 4111168
3 20150100002
3 13010130082
3 19111212774
3 1506300070
3 1307122478
3 21121213248
3 1307122497
3 6115028
3 19021210832
3 16020610029
3 18071212277
3 18200100185
3 15069110014
3 13040120174
3 21111212907
3 1303121755
3 15030120086
3 14010310061
3 1102110174
3 17111212618
3 6115036
3 15050510005
3 2125081
3 19040400057
3 7114120
3 18021211071
3 1502120775
3 21171213927
3 14140210066
3 13010310076
3 15020310028
3 4124012
3 21041222087
3 18031211554
3 21021211158
3 1308122587
3 1302120991
3 20009101189
3 3111193
3 2123106
3 17040110044
3 1501120059
3 1504121910
3 13050110058
3 18020100373
3 20011210393
3 1502120790
3 1501120362
3 21021210954
3 19161213719
3 1113110010
3 14140210003
3 1501120653
3 1502121110
3 14010180016
3 18121223900
3 17011210348
3 20079100037
3 1505122228
3 21181214049
3 14060110004
3 6114016
3 14030410010
3 1604121894
3 19011210512
3 15050120052
3 1402120866
3 17020610006
3 1401120504
3 1204121959
3 18041211693
3 19140100050
3 1308122603
3 20171213792
3 1502110020
3 4116004
3 2111406
3 18011210388
3 13050110096
3 1305110244
3 13111407
3 20021210972
3 20131213273
3 20021210868
3 1310122634
3 18170100035
3 21061212448
3 1401120352
3 1203121857
3 4123057
3 7101017
3 20011210477
3 1111297
3 21011210462
3 1611122967
3 20069100141
3 15010130056
3 15140120019
3 14121075
3 19010100362
3 19021211122
3 13130110003
3 19010100366
3 20011210286
3 13140210076
3 1201120126
3 15140120009
3 4123045
3 19020100212
3 19011210027
3 17021211239
3 13050510002
3 1301120213
3 21021210904
3 20021210586
3 1401120195
3 3121035
3 16130130306
3 1507122429
3 1502121094
3 16050110097
3 21141213462
3 20009100990
3 1506122373
3 4111177
3 1602110198
3 15090310001
3 1602121320
3 8122005
3 21021211106
3 21111213038
3 17011210489
3 1413122960
3 16010140023
3 17081212416
3 1211110291
3 15069110047
3 5124026
3 18051212057
3 21031211445
3 1008110077
3 18090200013
3 18020100163
3 16050510065
3 14020130055
3 20009101610
3 1404122103
3 19090100026
3 19111110103
3 1121328
3 1402110048
3 19021211227
3 18031211569
3 15040120127
3 20009100057
3 1402120792
3 1111302
3 13070210011
3 18200100155
3 1403110205
3 21021211088
3 14010510005
3 1401120407
3 13170110034
3 21181214056
3 18140100129
3 1107110279
3 13010510024
3 1202121113
3 1202120865
3 21031211553
3 1303110208
3 19030400017
3 21031211489
3 8116018
3 20009100250
3 20011210216
3 1302121532
3 1305122298
3 18130500204
3 21031211453
3 18030100185
3 20021210996
3 1302120750
3 15080110019
3 14140210109
3 13170110063
3 18011210065
3 1504122011
3 16020120026
3 1408122492
3 13050510010
3 18051212019
3 21011210222
3 3121112
3 16029110099
3 15140110006
3 18021110179
3 1211110294
3 17030110068
3 1602120914
3 1202120838
3 13020110010
3 20009101404
3 19010100413
3 14111148
3 20009200796
3 1601120169
3 20041212000
3 18150200026
3 18121110405
3 1302120976
3 1202120877
3 13040410061
3 20171223836
3 19011210463
3 1511122579
3 1604121989
3 18069100252
3 1302120766
3 1205122221
3 20022100094
3 17050110024
3 13040410029
3 19161213716
3 1201120329
3 21181214348
3 15030130015
3 18130500248
3 1602121062
3 1705110317
3 20011210474
3 20009100197
3 5113002
3 15040120101
3 17020140023
3 14030140039
3 1120005
3 14101121
3 1202120880
3 21011210529
3 17021211112
3 21021210626
3 5123006
3 14040120010
3 21021210744
3 20181214356
3 16050120094
3 1202121039
3 17041212006
3 21181214285
3 14060410010
3 1502121197
3 19020100408
3 20021210888
3 5113021
3 18021210815
3 1202110167
3 1501120620
3 1119049
3 16030140074
3 1501310070
3 15140220105
3 17031211454
3 20009101251
3 1606300109
3 18051212014
3 13170210018
3 17020310043
3 18012100018
3 101229
3 20181213921
3 1202110025
3 4116030
3 16050310034
3 19121213244
3 1403321839
3 19030100100
3 1501120578
3 1601120028
3 19080100033
3 1402121422
3 21031211651
3 19161213713
3 20049200539
3 20031211602
3 18111212537
3 17021211127
3 20021210701
3 13050120077
3 13170110069
3 18140100230
3 8123007
3 17010130003
3 1506300052
3 1205122203
3 19030500109
3 1402120949
3 19151213664
3 20061212303
3 5121034
3 13030410028
3 20011210315
3 20021211038
3 14050520069
3 1611110319
3 1513122951
3 21021210992
3 17131212986
3 16069110011
3 1702110038
3 21011210204
3 5111073
3 1208122580
3 19020100132
3 17030140089
3 1203110222
3 16050120035
3 1211122880
3 19021110343
3 20009101546
3 20009102253
3 21021210695
3 19160200042
3 19040300025
3 15140280020
3 21181214038
3 20049200370
3 1502120696
3 4115097
3 14040410058
3 20031211489
3 1301120679
3 15010110002
3 15020140039
3 18020100014
3 18151213167
3 4121057
3 16140220069
3 1607122516
3 2123086
3 21021211235
3 19040100011
3 19111213024
3 21071212610
3 17031211729
3 1301120036
3 18140100198
3 20009201351
3 14030130028
3 19150100005
3 14060210018
3 16030410037
3 1207122404
3 16130110070
3 19151213501
3 13020120023
3 19010100331
3 1304121933
3 17063020089
3 1401320480
3 16020199008
3 4111159
3 18051211972
3 20009201182
3 19050500136
3 17010150037
3 17070210008
3 1502110164
3 18041211679
3 1402120974
3 4111122
3 1713110411
3 5121161
3 16040120063
3 19040400072
3 17021210927
3 14010130052
3 18140200165
3 18021210879
3 20049200033
3 1207122486
3 18021211201
3 1602121301
3 6121031
3 18130500270
3 16140199006
3 18130500319
3 19011210302
3 1704110308
3 3121088
3 1115132
3 17020110021
3 15050510065
3 15140110089
3 19020100260
3 18071212246
3 21041211861
3 1104110243
3 13050410009
3 20021211182
3 4124059
3 14080210019
3 18021210997
3 13010120043
3 18021110225
3 17020199043
3 16020710028
3 19040500129
3 20041211978
3 1304122140
3 18180100008
3 1614123109
3 1701110108
3 1301120248
3 18011110165
3 1505122265
3 16040120047
3 20011210032
3 1008110076
3 1401320539
3 18051211978
3 21111213052
3 1203310209
3 4125015
3 15180288012
3 7115036
3 18061110338
3 20041212055
3 1111111
3 20009102079
3 1302121295
3 1304121924
3 20031211358
3 21181214089
3 14030140083
3 2111446
3 20021211193
3 18050300052
3 1302120826
3 13111179
3 1502321430
3 20171213777
3 21051212264
3 1301110095
3 1413122961
3 4111095
3 17151213129
3 6123011
3 17031211431
3 21041212054
3 21021210813
3 1202121292
3 19080300014
3 17130140321
3 19069100145
3 20031211625
3 1604122058
3 1401120201
3 1502110139
3 4121144
3 3111006
3 19189100010
3 13060710008
3 15170110015
3 20131213321
3 20009102156
3 21121213264
3 17140120085
3 8111013
3 21041212082
3 21041211964
3 20111110249
3 19041110529
3 18111212503
3 21111212908
3 1303121920
3 20011210311
3 18041211858
3 4113073
3 21181214364
3 13040110010
3 1311122715
3 1504122062
3 20009100006
3 20011210298
3 13070110001
3 13060210014
3 1401120375
3 1501120150
3 4122005
3 20021210590
3 8112007
3 13050110032
3 16050310063
3 1413122970
3 17010130021
3 21041212058
3 1605122160
3 14310116074
3 21021210876
3 14160111010
3 19111213144
3 1503121828
3 14030140096
3 18200100133
3 7122011
3 13020310033
3 13140110087
3 17111212740
3 21021210709
3 18051223566
3 13050110046
3 20031211669
3 16010199021
3 1204121995
3 1201110004
3 21021210636
3 20009100494
3 1606300001
3 19171213810
3 20181214230
3 21021210716
3 20021210636
3 20071110237
3 1511122784
3 21011210570
3 1311122711
3 1204122173
3 1603310047
3 20009100160
3 18200100125
3 20079100065
3 1406122365
3 1306122379
3 13040120146
3 19051212306
3 18040300081
3 6112013
3 19040500061
3 20050140016
3 17040120017
3 15010510013
3 4126006
3 19020100210
3 1204122191
3 13040410045
3 20009201317
3 20031211335
3 1211122827
3 15020140081
3 20011210368
3 1204122095
3 13040110004
3 18111212602
3 13040110078
3 18040500043
3 20021210959
3 1307122468
3 1111288
3 20079100068
3 13060310017
3 1306122386
3 19051110084
3 2121391
3 21011210599
3 18011210538
3 1711110365
3 1301120479
3 19011210016
3 1503121552
3 1302121530
3 1402121440
3 20021210748
3 18041211676
3 20031211318
3 19061212432
3 19041211826
3 1604121900
3 15010510065
3 14040110058
3 17071212394
3 19071212708
3 21031221785
3 13040610013
3 1202110158
3 19021110328
3 1404122162
3 1202120824
3 21111212944
3 3121124
3 18021210675
3 1121476
3 1501120056
3 13070310012
3 1604121923
3 1113099
3 1606300073
3 20011210526
3 19020300070
3 20041211767
3 17031211469
3 20009200196
3 13090210010
3 1111110302
3 14170110040
3 19010500026
3 1402120767
3 21181214311
3 20011110217
3 21111212788
3 1501120479
3 15140220044
3 1503121553
3 15069120053
3 18011210451
3 18020100315
3 15111007
3 19071110088
3 1610122591
3 8115015
3 15310116065
3 1304121927
3 13050110030
3 19040400077
3 1501120533
3 1204121910
3 17011210299
3 18111212538
3 1210122605
3 21061212428
3 1702110240
3 19040100052
3 21011210310
3 1304121997
3 16130120166
3 18131212964
3 1302121486
3 1702110035
3 1501120094
3 18050500029
3 14060310022
3 1502121288
3 1401120568
3 1506122359
3 4111060
3 1403110197
3 21011210476
3 17011210335
3 21031211718
3 20009101622
3 4121001
3 4123003
3 2111009
3 2116028
3 1602121194
3 2114022
3 1711110370
3 14119017
3 1115123
3 1311122883
3 15140210032
3 18030100381
3 18011210315
3 20041110184
3 1302110130
3 16130140375
3 21021211259
3 1303121659
3 1602121345
3 18051210057
3 14050510047
3 21041212030
3 14112195
3 19020100333
3 17063020023
3 19080100009
3 1402110139
3 1202120906
3 1403110198
3 20111212710
3 1211122721
3 1204122176
3 1302110032
3 20009101086
3 20009200066
3 14030199026
3 20009200189
3 16010130050
3 21063222516
3 16069130057
3 17069120034
3 1601110003
3 1602121182
3 1404110222
3 21021211008
3 15020710029
3 18121212869
3 17050510061
3 13040510057
3 1211122822
3 3111049
3 17050110032
3 19131110201
3 15050199004
3 15020151004
3 14030110027
3 20131213277
3 20011210435
3 13130188026
3 1401120528
3 1501110004
3 17021211229
3 19040300012
3 17130110004
3 15040120118
3 20051212256
3 13030110031
3 14050520050
3 20009102240
3 1301120115
3 14030210033
3 17011210173
3 20011210219
3 20041211950
3 20041211878
3 17040310004
3 14010110063
3 1207122439
3 13121157
3 14130140353
3 20009102192
3 13121306
3 1607122499
3 1503121600
3 19040100157
3 20041211744
3 13140110013
3 1602120816
3 3121292
3 6115005
3 17011210582
3 3112027
3 21031211698
3 17021210632
3 3111014
3 17031211565
3 1605122098
3 20181214374
3 1604121914
3 1305310246
3 19111213203
3 19020100436
3 3111359
3 20051110296
3 20111110262
3 20061212316
3 15130140342
3 20031211371
3 19011210173
3 13010410039
3 13060410014
3 20010100001
3 20031211695
3 20061212538
3 18050500137
3 21181214376
3 13121158
3 20061212277
3 1602121250
3 17010170019
3 21041211955
3 1601120470
3 19010100012
3 19051212254
3 14040120080
3 19140200057
3 18061212115
3 17040110016
3 1506300114
3 20089100044
3 1201120004
3 21181214360
3 1413122958
3 18151213128
3 20111110266
3 21031211721
3 17010120039
3 1206122375
3 1501120375
3 13050180028
3 18041211806
3 18030400018
3 20151213467
3 21041211994
3 13170110071
3 1504121952
3 19111212830
3 1613123052
3 7114132
3 13140220052
3 1502110194
3 21181214061
3 21011210523
3 19021210730
3 1202120935
3 1401120044
3 14020140012
3 2111257
3 1121332
3 19021210982
3 8125022
3 20131213325
3 21051212222
3 1511122772
3 18020100195
3 1102110114
3 18011223450
3 14040310005
3 1307110283
3 20031211428
3 20050500011
3 21041212113
3 18130500236
3 15020310079
3 20041211826
3 21041211878
3 8124014
3 21181214162
3 17051212193
3 21181214027
3 1605122126
3 18069100081
3 15040120123
3 1501120054
3 2121067
3 20111213054
3 4121033
3 13130120148
3 20181213908
3 4113138
3 21031211572
3 1702110188
3 1504110238
3 20009201413
3 17011210464
3 18030100222
3 1306310254
3 20021210935
3 18050500006
3 20131213296
3 18020100011
3 18011210466
3 19041211941
3 19011210267
3 21011210008
3 21051212335
3 3121159
3 20011210569
3 1203110057
3 6115029
3 20009200509
3 13050180022
3 18111212536
3 18041211731
3 15040610009
3 18200100019
3 21063222470
3 20009102228
3 1504322006
3 19180300058
3 19021211263
3 20079100088
3 13040110032
3 1402321374
3 1202121287
3 1502110167
3 17041211870
3 1501110102
3 21061212394
3 1411122870
3 21111213213
3 21021211194
3 21011210051
3 1206100037
3 21131213438
3 21011210243
3 13121384
3 16040520045
3 20021210585
3 1402121055
3 18030100043
3 20111110316
3 15140110034
3 4104022
3 1502121321
3 20061212337
3 1601120578
3 21011210058
3 19050100094
3 1506122379
3 19020100028
3 13050110073
3 1502110160
3 20071212604
3 6113036
3 21041211809
3 14060410030
3 21041212114
3 16020130092
3 19011210019
3 6123020
3 13121194
3 21051222354
3 1103110230
3 18111223876
3 17140110098
3 20071212581
3 2105110
3 21041211907
3 20069100194
3 15069130027
3 17020310046
3 4124024
3 18051211988
3 18069100153
3 17030110019
3 20021211064
3 1601120550
3 1601120029
3 19041211943
3 16040510034
3 1407122450
3 8117026
3 14010130070
3 21021210678
3 14130188014
3 19020100150
3 17051212081
3 20011210200
3 19111110423
3 16030110094
3 1302121031
3 21011210535
3 20021210811
3 13040120104
3 21063222472
3 1012110195
3 21040640026
3 20151213418
3 14112218
3 1308122610
3 18041211712
3 20009101265
3 20021211123
3 18140200007
3 1602121067
3 19040100156
3 17063020007
3 19030700007
3 20009200451
3 18011213934
3 21111213066
3 8115014
3 16020510028
3 4121003
3 20041211901
3 14030120093
3 20009100376
3 1605122191
3 17061212297
3 7112011
3 6124002
3 21111213110
3 1306122351
3 13140199018
3 17011210404
3 13010320023
3 20009201116
3 14040510012
3 14111149
3 1602120773
3 8103038
3 15140210053
3 1701110146
3 21181214198
3 18041211788
3 1007210232
3 17030140027
3 19170100056
3 19021210904
3 4114056
3 21181214039
3 17040120076
3 17061212311
3 1502121026
3 20181214017
3 1406122403
3 18111110372
3 17141213012
3 14122023
3 13060310036
3 18010100376
3 1401120322
3 20079100086
3 1206122356
3 20021211047
3 21063222506
3 1405122203
3 21041211966
3 21171213876
3 1202110143
3 16050520003
3 21051222349
3 20061212369
3 20009102144
3 1511110297
3 20171213785
3 18040300084
3 1202121131
3 14030110094
3 18051212053
3 1501120496
3 20009100572
3 19071212658
3 1202110043
3 1714110087
3 1604121967
3 21111212930
3 1306122389
3 14060110026
3 20061212518
3 4115017
3 21041212038
3 18180100141
3 21041211937
3 14040310091
3 17051212158
3 19050100109
3 17020610020
3 1402110154
3 1301110067
3 21151213558
3 16040120085
3 7127016
3 18031211299
3 21041212134
3 21031211649
3 4115053
3 14020150076
3 18180100034
3 17010120028
3 20041211733
3 14040510017
3 5121046
3 20061212326
3 19021110345
3 17141213024
3 21111212769
3 18171213405
3 19111212886
3 1601120614
3 1607122459
3 18051211999
3 1308122599
3 14140220087
3 19030100378
3 1201120238
3 19040100003
3 1302120882
3 19040100163
3 18011210249
3 18140100125
3 2125015
3 1403121746
3 16069120028
3 1202120845
3 20171213757
3 13030110003
3 1502121224
3 18130500241
3 21071212626
3 18069100056
3 21071212618
3 19021211295
3 18021211168
3 18021210993
3 14140110045
3 13020110081
3 21030140001
3 21063222494
3 17069140033
3 20111223138
3 2115060
3 1602120765
3 1502121169
3 14020110040
3 1514122985
3 1411122785
3 1121117
3 21063222474
3 5121208
3 18021110218
3 1508122454
3 1508122473
3 18099100002
3 4111179
3 13060310019
3 18161213275
3 17020188016
3 18051110326
3 18050500002
3 14160111034
3 19011210159
3 21181214458
3 13170210013
3 15310116089
3 15030410013
3 18101212349
3 13010520009
3 1303121817
3 19111110095
4 1102110152
4 20063222465
4 14119015
4 16010130076
4 20009101543
4 1125145
4 1301120208
4 19071212642
4 1403121822
4 21021210762
4 1302121456
4 17031211725
4 18040500108
4 19011210380
4 1201120631
4 21011210189
4 19011210011
4 1307122560
4 17021210843
4 20021210932
4 21031211666
4 1511122744
4 18021210980
4 13170110028
4 20009100573
4 1119064
4 1303121573
4 13121282
4 17030110073
4 1606122317
4 1306122369
4 21011210113
4 16069110074
4 21021211213
4 19180100142
4 1711110374
4 1702110036
4 13121293
4 13130120134
4 17031211718
4 21111212994
4 17011210469
4 15030110002
4 1202121424
4 1602121393
4 15069110004
4 18051212020
4 1612110337
4 1611122940
4 16040110062
4 13040410002
4 20009200681
4 1402120874
4 1201120434
4 1404121885
4 17130110071
4 1302121005
4 20031211700
4 17030140035
4 21111213112
4 21021211302
4 16180210015
4 1602121086
4 20063222398
4 5121184
4 21031211741
4 21181214111
4 14020130079
4 1125143
4 1302121463
4 1008110073
4 15020110063
4 1202121308
4 21011210439
4 5121081
4 19171213834
4 1207122489
4 16040410066
4 1302121350
4 1602120738
4 1203121748
4 1302121312
4 20051212258
4 13170110064
4 17030120015
4 20181214327
4 18021211056
4 1502120725
4 15010110018
4 20181214182
4 3111205
4 14140220047
4 1111187
4 20009201033
4 7121033
4 1404121941
4 17031211594
4 1503321803
4 17030110037
4 1402121309
4 20041211793
4 1403121771
4 20111212896
4 21031211398
4 20111212775
4 17131212984
4 1507122391
4 13030410020
4 1711110075
4 1301120383
4 19030700012
4 13150210024
4 3122012
4 1402310159
4 15130120187
4 1302120918
4 21151213639
4 1602121211
4 19111213147
4 1402121510
4 1502121286
4 19031211790
4 21031211462
4 4123063
4 19041212082
4 19180200032
4 13020510043
4 1502110148
4 1202120739
4 13020310067
4 18021211123
4 20011210133
4 20009200500
4 19011210554
4 1402121311
4 20111213039
4 1301120120
4 17021211171
4 19011210371
4 13150110009
4 19011210141
4 19160200052
4 14140210104
4 1504122069
4 18020300035
4 20021221292
4 20021210916
4 16180110028
4 18111212643
4 1606122289
4 7112002
4 8125014
4 19171213753
4 21161213758
4 1204122152
4 19021211251
4 1602120833
4 1305122245
4 1201120223
4 1211122779
4 1204121978
4 13060410036
4 1207122444
4 21011210595
4 1603121446
4 15130110039
4 20011210363
4 1502121326
4 13030140052
4 17021211108
4 1211122720
4 1502121332
4 21051212262
4 20051212081
4 18011210370
4 1201120003
4 14010320019
4 1202121151
4 1401120286
4 17021211237
4 1203121595
4 19171213752
4 1604122052
4 1202120953
4 1401120171
4 20009101807
4 1301120714
4 17131212989
4 1603121709
4 20111212838
4 17020520031
4 19111212858
4 1401110015
4 1201120121
4 17111223503
4 18011210102
4 20009101820
4 3121283
4 1408122508
4 1502121315
4 6124023
4 20021210604
4 1605122201
4 21081212713
4 19200300051
4 20021211135
4 13090210008
4 19021210974
4 19151213495
4 1207122465
4 1403121767
4 21031211500
4 18010100006
4 17011210406
4 20021210889
4 1604122037
4 16130120124
4 18031211435
4 4123125
4 1404121970
4 21111213156
4 18011211079
4 6115036
4 19151213611
4 3121208
4 1601120017
4 1601110002
4 1601120422
4 19010100404
4 19151213604
4 1121010
4 1401120092
4 1510122551
4 14111152
4 18180200014
4 18021211268
4 1301120010
4 1612122987
4 1212122940
4 18150100025
4 14170110020
4 19111223170
4 1201120433
4 1302121231
4 18021211246
4 1201120641
4 1401120155
4 1203110055
4 17151213192
4 1702110250
4 18011210034
4 13170210014
4 20009100883
4 1202120927
4 19200100073
4 20141213400
4 18020100049
4 21151213681
4 1311122885
4 1115120
4 20009201307
4 1505122174
4 16030130104
4 17130110015
4 21011210428
4 7112009
4 16040410054
4 17021210845
4 1121469
4 1211122717
4 18021210835
4 3121157
4 1514122985
4 15180120009
4 17011210207
4 1211110073
4 1301120254
4 21151213635
4 21031211521
4 18050100126
4 1601120152
4 1506122360
4 8113029
4 1305122300
4 1205110245
4 17051212137
4 1503121574
4 1511122660
4 17131212939
4 1201120484
4 2121262
4 21011210064
4 1205122229
4 19041211954
4 19021210939
4 16050110008
4 1203121657
4 21111213048
4 1503121542
4 1111118
4 7123002
4 1205122306
4 1201120447
4 1211122934
4 15140120091
4 18010500043
4 1201120109
4 7122017
5 1602121294
5 1502110144
5 1207110278
5 19111212984
5 1604121830
5 19011210071
5 17063020040
5 1411122859
5 21061212387
5 16130120149
5 4121080
5 19050500137
5 18021211109
5 21041212124
5 1111003
5 20041211773
5 15130130313
5 15020510068
5 19010500033
5 1205122244
5 17020150084
5 1602121107
5 16030110026
5 20031211374
5 14030130031
5 19021211317
5 1606300084
5 20111212899
5 17111212753
5 1302121179
5 1503121724
5 13070210030
5 20009200066
5 18069100102
5 17050180013
5 17051212086
5 21151213571
5 19030700014
5 20181214365
5 14170110043
5 19063222624
5 20051212180
5 1402110028
5 17130110063
5 14112118
5 19011210065
5 19021210973
5 19180100082
5 1401120224
5 1604121996
5 20021110056
5 14040210001
5 19140200232
5 19111212933
5 18071212225
5 1601120114
5 1606300073
5 18171213323
5 19021210697
5 20041211883
5 19011210462
5 1211122734
5 20011210507
5 1611310327
5 20111212919
5 17101223453
5 19059100018
5 1401120054
5 1615123186
5 14050520062
5 17140210090
5 1502120913
5 20040500001
5 4125150
5 1201120420
5 21111213032
5 1306122414
5 19030500032
5 20181214342
5 15020130075
5 16040110082
5 19020300080
5 19010500016
5 13121387
5 1204121959
5 15040410014
5 17011210334
5 7124052
5 21061212421
5 13030140003
5 4111159
5 17021210607
6 16050520008
6 1601110003
6 20181214055
6 20009102228
6 21111212994
6 17091212455
6 19021210714
6 18031211569
7 1201120704
7 18021210768
7 1502121297
7 18030400017
7 19051212282
7 1601120482
7 4112029
7 20181214352
7 20181213920
7 21021210985
7 21151213720
7 18151213061
7 19030100274
7 17030130026
7 17130130215
7 1401120274
7 19030100350
7 1601120356
7 2115144
7 14010140037
7 1304122049
7 18011110162
7 13111002
7 1304122003
8 18111223879
8 16020150027
8 1502121303
8 20041211749
8 19021210750
8 3121073
8 21131213402
8 18021210672
8 1301120671
8 2126010
8 20063222394
8 16040520003
8 17069120024
8 1301120120
9 1302121308
9 20111213031
9 20041211964
9 16130120171
9 19031211346
9 21051212294
9 21181214009
9 1301120063
9 19159100018
9 16029110040
9 1204122121
9 1502110162
9 1202120866
9 19170200022
9 19180100099
10 14010320036
10 5121188
10 15010510013
10 20011210342
10 14020188008
10 1602120913
10 19140100042
10 18041211706
10 1302121291
10 19031211450
10 13121098
10 1401120570
10 18111212715
10 18111223890
10 1302120994
10 20031211329
10 1203121583
10 4115120
10 1310122669
10 1115006
10 15140120074
10 19030100311
10 21181214051
10 21021211245
10 13020120008
10 16130120129
10 1605122094
10 18171213371
10 1401120074
10 14010130091
10 20040640021
10 14010120013
10 19021211108
10 15130130250
11 1203121735
11 15030110036
11 1601120273
11 1303121566
11 1125003
11 18130500156
11 1606122222
11 17021210932
11 13040310093
11 8125024
12 15140120044
12 4111059
12 20050500005
12 1211110310
12 17021210698
13 1305122268
13 1202121360
13 19050100200
13 1304122070
13 21141213470
13 19151213491
13 19021210948
13 1502121152
13 20069100115
13 20021211101
13 21171213926
13 1606300068
13 1601120547
13 17051212105
14 20021210767
14 15040410003
14 1504122091
14 4121010
15 19111213010
15 1501120590
15 18080100002
15 20111213116
15 1201120376
16 19050500136
16 1302120945
16 19012100090
16 20061212506
16 21151213592
16 1611122916
16 1205122240
16 1202120914
16 20069100076
16 20049200407
16 1201120068
16 19011210012
16 18061212130
16 17029110068
16 13010130001
16 20099100055
16 16040410049
16 18010500082
16 13140110027
16 1111540
17 1602121113
17 15020520030
17 1502110193
17 14170110026
18 21151213550
18 14010140063
18 1601120085
18 1501120643
19 19030100320
19 19011210370
20 1302121191
20 20011210357
20 1201120378
20 1211122722
20 14130110008
20 2123057
20 1402121007
20 16010120099
20 20021210590
21 19021211263
21 13010150063
21 1302121235
21 13060710008
21 16030199010
