1 75024950X
1 91330108MA2GY7BBX4
1 91610131MA7GRM3D77
1 719406626
2 12610000435203464U
2 322337896
2 MA6TXTTWX
2 435230059
2 911100007178497738
2 91320114MA23BCB9X3
2 914403005642472289
2 91440300MA5ETL7D53
2 91110102663103369Y
3 911101055938807191
3 9111010155855263XP
3 913202147682910609
3 914403007432478805
3 217480930
3 743749397
3 761961869
3 099143481
4 805761608
4 577834763
5 91120116671483285P
5 91320114751260145B
5 91611105MA7175R205
5 91610000577844881U
5 91310115MA1K470G91
5 664031483
6 91331000327894800N
6 183761776
6 91370000614070564Q
6 333662395
6 52610102735081737D
6 552317452
6 279422189
6 590391936
6 9111010833542020XD
6 12411200418247617Y
6 306324358
6 91110105MA00HENB4C
6 9161013168388131XY
7 749182803
7 91610800MA70FUB2X9
7 91220702054087623B
7 91450200198229141F
7 91650000625555217H
7 9133048273990768XW
7 427403386
7 12410000415806735G
7 91620200063943073R
7 91420100616401865U
7 91510000709151981F
8 91610116MA6TYD451U
8 13476361X
8 91110108306472166U
8 717803943
8 913701006772673139
8 91320105MA1R9GM220
8 91320507MA20YYCPX5
9 91440300590732286P
9 440301113582443
9 91310000MA1FW4809T
9 91330411350096241N
9 727805993
9 664324630
9 13371000MB279553XR
9 192174389
9 126221000139204473
9 914103227834044654
9 91320115321629969E
9 551351130
9 911103021022085314
9 91510100MA6454NL8Y
9 91150621566925360P
9 91320412321194627C
9 163562681
9 91310110351154941K
9 1211022979164029X4
9 11330900002633098M
9 91610000305590750G
9 12370000427600064Q
9 91610131797484611T
9 743666938
9 91340000719975888H
9 406580068
9 91610103MA7B27YX68
9 91510107062419122D
9 577844881
9 9151000020186004X7
9 91320200MA1MHTCR80
9 671504701
10 126101005660140499
10 435230526
10 902901959
10 915101075849749407
10 91610132MA6UX8PT3F
10 116101000133532354
11 91610131783581752R
11 427401479
11 91610131MA6TYYQ08F
11 91610131561457158L
11 452189430
11 916101393517131099
11 732513557
11 110013881
11 91310115MA1K3MXDXX
11 12100000735499738Q
11 438950449
11 081732819
11 914403007755541644
11 913300001434287925
11 91441300734122111K
11 91530400217660202R
11 91441900MA4UK5565L
11 91610132MA6W99GJ8X
11 710930739
11 91110000551350971K
11 302969730
11 400002195
11 9132021178887612XH
11 121000004660018493
11 5232040255807253X5
11 72737840X
11 91610131MA6TYGGD1L
11 913401237901200224
11 52370212MJD925436P
11 121000004250121703
11 91320100134974572K
11 33937823X
11 054575192
11 911101165769049930
11 91510100MA7LU1AY76
11 91610132MA6U0HE94E
11 1210000043523253X6
11 91310116591673476L
11 91511500908851243J
11 607407982
11 132352171
11 91320000566807479B
11 91310115787803068D
11 053604529
11 097174727
11 12100000435986585N
11 12510110MB0L93963R
11 91610131MABTGYA15A
11 130400000164831
11 726261963
12 12100000435232046K
12 91320507MA20YYCPX5
12 91131003MA085ENQ9K
12 91610000691125047W
12 731109149
12 671404663
12 076588496
13 797822369
13 91330201567003931C
13 91330000146150706G
13 689443740
13 91610403MA6TJJD02Q
13 91110108101102428B
13 126100004352006429
13 91440300715274072L
13 91410700417087690D
13 91441900MA4UH3EYXW
13 91460000MAA95G3B3F
13 732321707
13 761823810
13 754343149
13 63199892X
13 762283633
13 91610131MA6WE1NJ8E
13 9151010035865755XG
13 91310113133492539R
13 416528669
13 91440101724308182L
13 91611105MA717W5G94
13 11421022MB1J42613T
14 49554288X
14 12610100MB29868033
14 91440300MA5G1PEE8E
14 91320214MA1YD36232
15 91320214782738981H
16 9161000043523114XR
16 91420100063041897D
16 11331022736865410E
16 311151914
16 91320804MA26RHH403
16 91610116MA6TYJ5C1W
16 91420100MA4KY29M08
16 756352591
16 91440300661011911B
16 913705001647212695
16 91621002332126582A
16 91330000717612987P
16 220604594
16 694043434
16 121305244032297312
16 91370100307001737Y
16 91210106755513533W
16 754343149
16 440000000043986
16 91610000220524447L
16 1237000049554288XJ
16 91650102MA788A8D56
16 91310000132206043P
16 913504003156991780
16 914403003582363684
16 91510100MA61T83D47
16 441623959
16 124100004158037371
16 913608267633941402
16 91610131333810546C
16 073283697
16 12100000400012430W
16 710095972
16 91350200612261252T
16 758845103
16 91440300056175213G
16 634019977
16 91621000226041585T
16 1210000043523253X6
16 556993212
16 1245000049867145XC
16 91654000MA794UK925
16 165855840
16 91610131587424207E
16 12100000717804671A
16 11130684K011160007
16 111000000075442971
16 59231300X
16 311026064
16 91440101725017352U
16 91510700MA624MWF8Q
16 912306037950487952
16 671743710
16 914403007412480386
16 954230624
16 913301006091668792
16 727203538
16 91320114MA7LWY4U7A
16 91430100MA4M6LMA65
16 096441731
16 126100004352037399
16 91610131MAB0H8UJ8B
17 MA27XA2J2
17 91542400783531843U
18 913307001475835380
19 396365208
19 91133100MACBQ8WJ13
19 91510100083321386U
20 532800000000030
20 91440300MA5GT20R5T
20 768516506
20 9131010479892691XE
20 91440101725017352U
20 91500107MAC1DYPX2K
20 667999262
21 66690097X
21 751050121
21 126335439
21 91360000693709046K
21 102167020
21 91510100MA6CHWME3J
21 911501007901706794
21 91320200134756196A
21 91610113552315174C
21 91110000725010871G
22 91610104311107649G
22 12130300402470291D
22 400003702
22 073430212
22 797359167
22 9142000070689187XB
22 91440300680378946L
22 91330108MA27Y19H1M
22 914403007827865531
22 401360197
22 91110108MA01N09X08
22 074220356
23 91610000735369001Y
23 91120116671483285P
23 757278733
24 91611102MAB2T2JH2G
24 12420300420139674D
25 708175914
26 91500108355663073D
26 311123307
26 587411844
26 583245607
27 91440300329600810A
27 773960492
28 11370705MB2864419E
29 52610000748610845J
29 9111010867425041X0
29 91110108722617758N
29 732783450
29 12520200429320277M
30 9121021179201440X1
30 91440300757608309R
31 91650100670239002U
31 913701000690159992
31 91610000773800456K
31 685148082
31 120000000003122
32 91440106725600775B
33 52630100MJW97104X2
34 585299094
34 91310110MA1G8ERJ2W
34 12110000400592332C
34 91110105MA01KA2C54
34 91610131MA6WPDNH4D
34 91611104MA6TG8ND69
34 91610000920552756U
34 9144030039844572XM
35 110108013561338
36 911100001000027329
36 321679624
36 91330106673959654P
36 734000085
37 91610131MAB10KTR8B
37 914403007741092105
38 12100000717825958M
38 060889745
39 911300003083112867
39 91120110103771182Q
39 91610102MA6U8U4X68
39 913100007529168714
39 756352591
39 E11633649
39 571026060
40 91610133MA712R2B8K
40 91510100MACW4R1T7X
40 911101075636005362
40 794640455
40 91652300299201885B
40 901999886
41 91340111MA8LKAY2X5
41 91610823MA7030E21X
41 768905894
41 MA003A2DX
41 774572176
42 91440300715274072L
42 91350200MA2Y8RA37P
42 19610602016075250D
42 91320302MA1WLWH242
42 913301003296004073
42 91510000735866286J
42 91310115671143758E
42 91440300192413773Q
42 913306217530150045
42 33370476X
43 91370000730666218Q
43 559379007
43 09382557X
43 91230100712017118A
43 91440101088691167J
43 915101002019741198
43 053680417
44 91310000757598390P
45 52340304099017063N
45 914419009819802282
46 590680359
46 091836195
46 91110108580800679A
46 132653687
46 91610000717801710H
46 710643633
46 751321075
46 91441900673133772K
47 913205058377527060
47 132224671
47 718041506
47 126101046786402984
47 429201008
47 91440700MA4UKPFM45
47 583060522
47 91310110MA1G84CW6H
47 91340111MA2R95NL69
48 745160041
48 066868021
48 91110000710935759B
48 132204400
49 916100007273637267
49 773822719
49 91610132099623370P
49 911100004008350905
50 051598938
51 765446901
51 742600339
51 100016501
51 12100000457606117R
51 790890633
51 91611105MA7DDR2J4D
52 L19096674
52 914101007241256186
52 11370104575563381F
53 91420112MA49MR8Y5E
53 91440300715222467L
53 91110105339786380G
53 595912016
53 91440101791010407Y
53 123100004250007271
53 11100000000014568J
53 585900054
53 91440300MA5FL4KC07
54 91611105MAC4BYAP39
54 91440400MA4UN0LHXC
54 096662681
54 682274059
55 79166470X
55 564887663
55 91611105MA6TWLTU6G
55 91610131628054098H
55 91130101556058312B
55 91370100MA3TMGK269
55 051519355
55 198606509
55 91650000998974860Q
55 913501250843128363
55 498501020
55 913700001659364136
55 91340500150523317H
55 9161000005044155X6
55 718383848
55 913200006701412838
56 726430923
56 913301066739671609
57 11370000F51087184J
57 91650100660605777E
57 91410300171076587X
57 913100000879390282
58 766990300
58 91330781MA29Q3Q983
58 058623737
58 768450818
58 91320500714023378A
59 68388131X
59 91320214MA20TAWBXQ
59 916100002205334589
60 91320507251361791P
60 91110302678204402X
60 91110101051419389T
60 724003020
60 670771883
60 91440300326320119K
61 91110302MA01MT7522
61 791928269
61 913310215623867775
61 746560186
62 579045776
63 91110000MA02M6TN8P
63 91610131MA6UUYHBXF
63 732678562
63 91610000694946641A
63 791879209
64 12100000717812073P
65 110108018420888
65 916101316280527625
65 91440300055103541K
65 91330110MA28UX490F
65 227695521
65 91330109MA27YP3L14
65 911101123355709451
65 558616955
66 607424985
67 MA6TXGURX
68 91440000231116983C
68 91410000170001401D
68 916101315660369694
68 680526398
68 440301102787017
68 690013756
69 435231705
70 715224278
71 91320585MA1PAQAT8R
71 914419006805911819
72 789597712
73 768225450
74 911101135694726867
74 76420170X
75 700004520
76 708456927
77 134513741
77 566049946
78 91610113MA6UB0UC45
78 689443740
78 91320000768299855B
78 310012867
79 9151010075598305X1
79 91610131578408694N
79 12100000MB2000725A
79 913502002600846346
79 436152304
79 91320281743701174H
80 455769852
81 631700118
82 91350200575033946K
83 306684572
83 91610000220566671X
83 014246597
83 093737908
84 9144030066268758SF
85 91610131MAB0WKQ369
85 91610131333810546C
86 91440300MA5DJB1X89
86 738720821
87 916101316340060177
88 91441900MA5118MUXW
88 104326072
89 915000006608596898
90 91610131MAB0RLBCX0
90 1141100000574712XB
91 91310000132206043P
92 12430000444875182H
93 91330501MA2B454870
93 91440400MABP2FJY07
93 911101085906859774
93 92330304MA2BY8B40T
93 610131100064859
93 267174309
94 437096236
94 91330100725231789B
95 914419006614893337
96 783790925
97 742930012
97 914403006188681436
97 915300005600528965
98 91510122MA6BQQ1D3J
98 916100004352016102
98 610100100668471
99 60004164X
100 91610131MAB0PH9FXJ
100 102043722
100 140602600044285
100 670284049
101 311109660
101 055460258
101 91310116MA1J87631P
102 12100000400000608P
103 9152000021440297XU
103 91610700598756258E
104 91360100763397691J
104 91140000X020540885
105 663173463
106 91610113570213593Q
106 91310104MA1FRD371M
107 916100006679876912
107 220527795
108 710921007
109 91650100670239002U
109 730676854
110 91330106MA2KL14NXR
111 756829134
112 913702123504678744
113 330330555
114 911100001017004524
115 91110111MA01NGGY7L
116 788831167
116 11100000420003208X
117 916108067552298905
118 91500000MA604R0Q6C
119 MA3C6Q3C4
119 799041689
120 911101067533312850
120 717149339
121 12410000415803059H
121 09543971X
121 735088058
121 91610133552331262C
121 671510589
121 11440000006939801C
122 91441900MA4UHLWH4C
122 9121011274273568XC
123 MA4KN67J4
123 91340500150523317H
123 91310105MA1FW65M5Y
124 771344696
124 91610131081000925D
125 91611105051575824D
125 914201007446238175
126 669619032
127 756581669
127 990720110
128 91330104311288494N
129 74716090X
129 333712903
130 91210212118612029E
130 91610131MA6TYAK55E
131 727215176
132 91640000097576048M
133 920520236
134 91430100MA4R46HT28
135 1150010700927688XM
136 401359495
137 91440300729862238J
138 91320412321194627C
138 718789223
139 192174450
139 91320400704046517A
140 91510704MA68BCFA5Y
140 81450200MC0009973A
141 73943910X
141 797969977
141 91440101717852200L
141 91610131MAB0H95R7R
141 91500000059893448T
141 59188197X
141 552308652
141 400002195
141 916101315922471294
141 91610113722858930B
141 91330482MA28BKY768
141 616800858
141 330100400029636
141 23049013X
141 757831236
141 1232000046600728X4
141 09543971X
141 91320300836435258L
141 689062083
142 91611105051575824D
142 568758041
142 101112538
142 91370212MABNUX9L0M
143 678614305
143 11100000MB02118284
144 91330183MA27YNED06
145 715222467
146 91110000100011743X
147 915101147092890594
148 663156866
148 915101006675566488
148 91611105073411062G
149 91440113MA59E8P44H
149 91340000762794062H
149 91450103715169483E
149 700238431
149 91310000057658807L
149 11152701011744566X
150 91340000670923859M
150 91360122MA364QJ1X4
151 121000007178436549
151 710920952
152 91530300217221381D
153 91330900089482367E
153 916101316732588070
154 91320000768299855B
154 9144010172786204X1
154 792804735
155 709047092
156 706936732
157 913204002508371538
158 91110108061292553X
159 9132011506706245X7
159 91330108MA28XEK89N
160 91340202MA2UDDB710
160 91610131722852037L
161 705404670
162 91320000720583347Y
162 914403006188681436
162 214403024
163 91610131MA6TXLFFXW
163 746378376
163 91110108560356072K
164 91460000284023588R
164 91410184554230940W
164 758104583
164 610131100055392
165 91610104MA6URH7A5T
166 MA0036BG0
167 306324358
167 310012867
168 52130105MJ0794559T
169 91510000735899379D
169 916101319941580812
169 91320102302389832X
169 91320100134871207J
170 91370200671756554R
171 91330122589883343W
171 91110000600001760P
171 778834479
172 91610116MA6TXC47XM
173 015000855
173 91450100675029979G
173 911101135694726867
174 9161000092052005XM
175 12100000717806298R
176 132206043
176 763035164
176 914500001982226448
177 096666797
177 775932364
178 769664455
178 342858170
178 9145000049850597XR
178 11620100MB15477884
179 126100007304208593
179 117923108
180 91310117134133829T
180 911501007901706794
180 92130701MAC5PQFB63
180 525100006922500776
180 91320600087930162B
180 320200400004568
180 91370000729246347A
180 91130183599910405B
180 91110000100001043E
180 788656362
180 91320505591155353G
180 9111010872636740X9
180 91610138693802216J
180 616412935
180 91310000342024942C
180 52110000MJ01510431
180 555511955
180 105525284
180 91610000220530150R
180 91320100134871207J
180 11610102726294917L
180 91320100MA1WJK1E75
180 91440300590732286P
180 91210200118529727B
180 12468836594947030X
180 91110105782523841Y
180 91110108327225404L
180 91440300MA5EPQGX8M
180 065295081
180 91610131MA6TXC3D29
180 12320100E933926577
180 91110108096441731D
180 91520115770577543P
181 91440300715222467L
181 91110101692301188T
181 592934666
181 911101085674051211
181 91140000728183970G
182 91310115MA1K48J1XW
183 751050121
184 320111000086196
184 91110101692301188T
184 52130427MJ0750775B
185 91410184597633715Q
186 91340100092860293D
187 556781535
187 916101310571322071
187 91440101MA9XMKT536
187 91440703555630364T
187 103065683
187 91610722922661526W
187 400008626
188 916101313336580111
188 91520290MA6H45PY6E
189 9131010479892691XE
190 913702113341333641
191 91440300775555407F
192 91610131MA6UAN2057
192 91441300617881792D
192 746645251
192 91110102101135684N
192 79969310X
192 91310000769664455M
192 91510100MAC1DAUAOY
192 171780793
192 911201037466869501
192 91310115341975375J
192 91320000593916443C
192 756558741
192 91110108318094211Y
193 91310000631137409B
194 91610400088077490F
195 MA6TY16T8
196 91340100MA2MWUT60Q
196 890330107
196 91610301735380518E
196 91610131MA6W26R9XE
197 91440111683295783H
198 051551101
198 435232142
199 91610132MABXPW692G
200 91141081065572122C
201 561476981
202 91610131MACWC7ET9D
202 435389924
203 91330110MA280QWM25
204 91510100MA6ADW8D2
204 1261000074128192XC
205 91440300192198188H
205 491015556
206 91330100599587943A
206 915101122022491032
207 12100000400852798G
208 790954553
209 671483285
210 91331022773136954N
211 242360674
212 916101022944901639
213 165081056
214 JA0204323
215 91610000709908913M
215 91330109MA7G3ANY2L
215 091666077
215 121000004558594877
215 91310000MA1G30FM50
216 11610500562222916D
217 664031483
217 913702126790683429
217 91441900096031281N
217 799655058
217 91440000231116983C
217 913701002642865164
217 801657272
217 91130185693456472R
217 715224278
217 91440300724728822U
217 741272281
217 12410000MB12078397
217 916101132206335558
217 91330100310526120W
217 134751512
218 91350902671920959B
219 097777958
220 400014153
221 700000458
222 91310000MA1G95QH02
223 91610102683852754C
224 91420100MA4KLWL91U
225 065321761
226 91330110MA2J19YB4H
227 12320200466305914T
228 91440300MA5F5JNR69
229 103127311
230 SHTYXYDMT00000019S
231 915101122022491032
231 91150404MA0N11LA17
231 91110108796701645D
231 91510000779841566Y
231 91441300781157923B
231 91440300MA5EL4TP31
231 771437382
231 913401003438813482
231 9133010406097099X3
231 91442000754524396G
231 91510100MA69GGWG10
231 1262000043814042XJ
231 9112011671092921XD
231 91150621566925360P
231 681865332
231 29446052X
231 542200160000698
231 798941546
231 91370200747217320L
232 192368087
232 91410100749214393L
232 91110106685759254L
232 SHTYXYDMT00000019S
233 158142404
234 91610115673262734B
234 751826292
234 557144626
234 12410000567250115A
234 311029978
234 339829205
234 704204183
234 91610131MAB0LT430R
234 91110108061270514Y
235 91320507MA20LF823E
235 12140000405747348X
235 913300001429106409
235 91370302MA3MQHDF6D
235 913100005791928139
235 279402305
235 320700000003695
235 20286320X
235 666283799
235 915300007604174827
235 91440101190548279L
235 91140000792245750E
235 134512917
235 916101123111880470
235 322430927
235 911200007109339563
235 794510335
236 797555619
237 115107000084501024
238 91310112674599064Y
239 52610100596309657C
240 91440300MA5GK4QE0G
241 11330303002525070B
242 12410000419305161R
243 91320105339413437L
243 576363752
243 058705791
243 062801399
243 130000400002332
243 91310000777147837F
243 593346487
243 914403006658564361
243 91330106MA28XTKG5C
243 91330100730327355E
243 801146341
243 91310113052970447G
243 121000007476846908
243 915300002919962735
243 12330227MB1748213K
243 91110000MA04FDC63H
243 91340100680822891E
244 91610113570240129Y
245 668698867
246 91320400704046517A
246 077721308
246 76454055X
246 802037040
247 56966483X
247 350700445
247 610000100026417
247 397889628
247 12100000101114840R
247 19885879X
247 9133011058654088XJ
247 71198910X
247 9142010066953862X0
247 91610136MA6UA1YH8H
247 91450500MA5L03QX9A
247 91330100757207660E
247 717884886
247 911100008016572721
248 91440300708463086Q
249 754108261
249 916105007135277344
249 91110108569474059J
249 91340200MA8N8TNYXF
249 91610204677905434K
250 91610000709908913M
251 91310112MA1GCQBJ5T
251 12610100MB298850X1
251 592583130
251 11100000015001110H
251 610000100360105
251 91610132668668895G
251 91610138MACL7Y5M09
251 911101087877515792
251 911101085923662400
251 12610000435202226B
251 762583222
251 016082696
251 913706006792313065
251 91350206MA2Y7CCW08
251 91330106341780594J
251 91330701095655113J
251 485319000
251 736550152
251 912301001270426111
251 91611101MA6TJR2F7U
251 765458945
251 075830519
251 730278653
251 91360106095880791L
251 430030787
251 91440300779891627F
251 12330108MB1J85429J
251 52410000692160338L
251 91310000607306313R
251 91320115593533565N
251 9161013131101715XB
251 91440300279351261M
251 12100000466007570L
251 133614110
252 91610131MA6UB17885
252 795960952
252 12410000415803040L
252 9111000071092446XA
252 91320100134974572K
253 678609784
254 400003112
254 994158081
255 911100007263401949
255 91320594608207173J
255 075830519
255 91451300756516592R
255 91621124332175739N
255 91110108MA01BGGF6J
255 12420300420139674D
255 91110108726360259J
255 125100007175954436
255 461080402
256 781153391
256 91440300083448387K
256 91610131MA6X5J8G9P
256 058705791
257 911501001141593358
258 91440300MA5G945G3J
259 913100003324174439
260 916101317262650241
261 12610000437205105J
261 913100006075916282
261 91440300326650441X
261 91350000782189177W
261 916101025831523043
261 913703007498811104
261 779031096
261 91320412321194627C
261 91410100MA9KJWRH32
261 440301102870631
261 9161040067514722XH
261 00002108X
261 751899977
262 778786702
263 91350200302849667P
263 91610138MA6TYTH4X5
263 91610131561457158L
263 9111010710230219XF
263 91610000054768752G
263 916100007135494826
263 913100003510899832
264 911101057393507466
265 91610800713530781L
266 91110107660539466X
266 329555773
266 435230382
266 91110000MA01UDNC1F
266 12610400305411716F
266 91310000736239890T
266 60000278X
266 44517525X
266 760511823
266 91610131561454643T
266 802034050
266 582564374
266 91460000201242022Y
267 11520326MB1588512E
267 158304717
267 91621002332126582A
267 12100000450811820A
267 91310112MACDRPKL54
268 695301335
268 786511717
268 916101330571300768
268 91310115322176404J
268 91410100055962178T
268 628053220
268 674602622
268 91110000765511822T
268 9132059435456572X7
268 91440300MA5F1ANF1N
269 91510100MA7JN2Y98G
269 32825571X
269 78508010X
269 802012337
270 91370212MABNUX9L0M
271 91410303688158585T
272 91340100MA2U3X59XT
272 91210900558169630F
272 730431187
272 91610304737980330K
272 609669521
272 748623427
273 750220715
273 911101080716829500
273 735110278
273 485319000
273 000000000000000000
273 91340100756813650M
273 91510100788122264E
273 91610131MAB0PF0C2A
273 91440300MA5ED0YY4Y
273 91310114MA1GTW0F13
273 91310000132206043P
274 91610131MA6UQQ3U2A
274 91610103566043923X
274 91510122MA6BQQ1D3J
274 91610000567137438F
274 91610131MA6TYTDP6M
275 12100000401749530L
275 755657123
275 91610700220525298W
275 91510100MA62DQHW1E
275 91330110MA27XFA28T
275 75210227X
276 91321012661789141D
277 91340521791860516T
277 91610131MA6UQREMXD
278 MA345RKL6
279 920523699
279 817595029
279 397177153
279 168357011
279 91610131322431911L
279 MA6WTNW52
279 610000100026417
280 585299094
280 9133048273990768XW
280 580164676
280 761134994
281 349963766
281 279402305
281 91610131MAB10KTR8B
281 12440000MB2D23849R
281 326009275
281 91440300558667816L
281 754961764
282 91410102681774094A
282 738125635
283 916101036838578972
283 91440400746299643U
283 91440101728199278C
283 9161000033868418XU
283 9144000076384341X8
283 11610102726294917L
283 91500107673369531E
283 9115040481489156X1
283 91150621566925360P
283 131313131
283 91610132MA6UR7JF5P
283 91310115322176404J
283 91310115MA1K4CMF4U
283 91320505776895809W
283 91440300192302598D
283 553400266
283 12370000495542871T
284 722473344
284 91532900592027126W
284 663050965
284 100021407
284 568856821
284 12100000400007180D
285 710937412
285 91131122788699872N
286 9134010077111425X3
286 91110105575154107K
286 674599064
286 91440604MA4UKWJ339
286 91610131MA6UB17885
287 586541735
287 91440300MA5FB37613
287 91321023MA1NFT4F9T
287 913701006772673139
287 91320100MA1NNR3R9W
288 911302307808371268
288 755585983
288 91441900MA51KNC80W
288 748614467
288 91350200302849667P
288 91500112MA5YQBKG7H
288 796630699
289 91610000667999617J
289 785639591
289 91610131MA6WPDNH4D
289 91440101MA59FW601F
289 91610104MA6TXRKN3B
289 91610132MA6U621506
289 91320000768299855B
290 91440300710922202N
290 590448621
290 400008650
290 9145000049850597XR
291 12100000739093217A
291 111000000075442971
292 91310112570757515W
292 680492298
292 91370212MAC5EKCN92
293 91320281743701174H
293 91110000710930405L
293 705456091
293 761504983
293 610100400009830
293 599635562
293 91350901705301225K
293 11520100K363480478
294 91310000MA1K32TT0A
294 437096498
294 43520132X
294 91320594088550516L
294 91230103552625180E
294 52610423752116049U
295 914403001921834459
295 913100007776441988
296 91210231MA0Y1N7U6R
296 914401137661127353
296 91440300279533137K
296 752024267
297 913306007477034849
297 91330100720052220F
297 91110108MA01PJ7G1C
298 91340000670923859M
298 91610131MA6UQR1K0P
298 676249009
299 913508001578214058
299 91310112MA1GD3FX86
300 124203224218550074
300 916100002218405809
301 914403006188564330
301 745961156
302 790780784
302 913301003296004073
303 91110105MA018UWU2K
304 91610103333714749R
305 914404000956241144
305 610131100358691
305 91441900MACM1UY96E
305 91610422338664568G
305 321961718
305 91340500150523317H
305 192267315
305 91652800761141537J
305 91430100727963270W
305 190337244
305 91610113MA6X41WC41
305 092051082
305 91330225610243368M
305 73348863X
305 913100005791928139
305 91640100MAD4H8P32Q
305 715166426
305 91440101618445482W
305 913201050579727320
305 91510100MA64PH4W1L
305 755233611
305 91110106760939205G
305 91610138MAB0W8RJ0H
305 9113000073737279XY
305 91440101088691167J
305 110114003692842
305 79166470X
305 91610103MA6W4QWC1U
306 9145020067248057X2
307 12110000400592332C
307 91120111MA07A640X4
307 121000004700294065
307 91310107MA1G17W95T
308 91610131MA6W26R9XE
309 91440300322217253A
309 91310112570757515W
309 12100000400013775Q
309 12141026MB1530759A
309 A1100000MK0048699Y
310 723829525
310 914307250663596499
310 91440300MA5EDLFL40
311 91610113MA6X52F14T
311 688987674
311 91320582060245579N
311 91450000708731386G
311 91440400632816729P
311 12410000415803470E
312 770299475
312 915001082028023860
312 057974922
312 91441900618369862J
312 1133021100295879XK
313 91310000MA1K35CY1P
313 12500000739812947F
313 9132059407274739XH
313 400015447
313 91330000733796106P
313 756812578
313 426600329
314 736281327
314 220940950
314 749182803
314 101125734
314 551774635
314 085452101
314 700561618
315 916101317835804698
315 322403400
315 91610131MAB104T54X
315 91110000102173949P
315 91320000758957666N
315 495571728
315 911103026804513739
315 91510100MAC1DAUAOY
315 91610113MA6UB0UC45
315 401360197
315 91610000555683159U
315 91310000MA1H30X27L
315 91320400137168058A
315 91610116MA6U91GX9T
315 700173535
315 91350200302849667P
315 91611038MA6TYUIE28
315 91110108MA006CTG8C
315 697927876
315 91610000713548172W
315 9143010075802337XJ
315 91441900551698169R
315 91420100MACJCER1XJ
315 11152700011728347J
315 91440101716347552A
315 91460000MABLM31T8K
315 620500794871827
315 91110105MA02B2TU4K
315 91350200MA348R1429
315 121000004000132143
315 400008626
315 470029270
315 91421000698021654M
315 096515438
315 91310112MACDRPKL54
315 91441300MA5241QK17
315 743680991
315 91440101MA59UGFD3C
315 121000000160007188
315 91542500710902244B
315 663385554
315 9131011257419537XU
315 76043256X
315 791485269
315 91150100664096092X
315 91110108330347576Y
315 098062305
315 587601015
316 1152000000939005XR
317 91320100686722613B
317 916101137299481970
317 9162000075657790XM
317 723001816
318 192195622
318 91330104MA2GMBF94Q
318 133614110
319 91621124332175739N
319 91110105099823161Y
319 913706342654206411
319 610131100142267
319 91100000100017045K
319 104360801
319 91310115677813273L
320 91441900553612111Y
321 913701022643877632
322 585053641
322 52532524083252181C
322 91610138MAB0R1N2X0
322 91110108773375998Y
323 91341500756808747D
323 91110108MA01DUJ95K
323 709763144
323 91610103MA6UU14FXN
323 91610116MA6U91GX9T
324 91510100MA6740NL4M
325 91320115MABQBBGF5G
326 726365869
326 91650000998974860Q
326 777147837
327 914403006925496340
328 79969310X
329 91330109MA2H2EE39R
329 91620602MA71MYX38W
330 555683159
331 746375087
331 91440300MA5G49LC9K
332 913701022643877632
332 055050611
332 441623959
333 91420100081998115F
334 91510100621713257J
334 9111010875824501XM
335 91440900748020036U
335 91370100307001737Y
335 91130100741546641A
335 135914870
335 11610111013413242D
335 91440300MA5EPN2R1X
336 224330420
336 91330108MA2CFL924H
336 91540426783540491H
336 91440106MA59AKEH1Y
336 91420200673675854Y
337 91610131357032937B
338 9110000071092841XX
339 91110108783200091B
339 494192427
340 791675812
341 91110105MA007U0L9Q
341 32825571X
342 316702594
343 9133010406097099X3
344 667164572
344 916400007508406905
344 91610131742815049N
345 428000079
346 400001125
346 799405171
347 74027295X
347 91440300MA5FCBTU5J
348 91441300MA5241QK17
348 91430122184173087W
349 91420100733555775A
349 91320583595584913G
350 9132059435456572X7
350 91110108742623426B
350 719795182
351 MA0F0F5C1
352 9133068357290905X5
352 688199774
353 717811468
353 742833597
354 91610000590273905Y
354 91430000722592271H
354 91420100MA4KL5FR7C
354 91610139MA7DQ16L60
354 91110108MA00AH4460
354 339611046
354 9111010867283004X0
354 91440300MA5EQG4A16
354 91610133MA6TYYG8X8
354 91630000710561689J
355 91310113091817752N
356 067900353
357 681865332
358 745357493
359 130400000164831
359 91610103MAB0Q7A44D
359 91610113552315174C
359 91610132MABXPW692G
359 916108007135298876
359 744141180
359 91370200MA3DHKKP30
359 911101147649695168
359 91440300192314337Y
359 91321191MA1MUL4G66
359 91340203MA8PD0JG7Y
360 91610132MA6UPKUX7N
361 115301110151181914
362 916101032942556067
363 600040399
364 91320000768299855B
364 913301017265863549
364 407970439
365 91610000305705829J
365 751899977
365 754343149
365 91610113570213593Q
366 32233947X
367 400008650
368 124400004558629932
369 91330109MA27WKN88W
370 098757895
371 12610100MB2A02850N
372 9142010066953862X0
373 91620102MA737FW213
374 913204116701441776
375 91610136MAD381RA3C
376 400009127
377 671002744
378 916100006231004380
379 91510800205803587W
380 70778462X
381 916100009205248781
382 91440300687566624M
383 91610000741252408P
384 405747612
385 310000400308460
386 911101055513518863
387 663156866
388 718890786
389 9153010079985046XJ
390 91310000742674688M
391 057974922
392 91610824MA703BB57G
393 9111010860000278XK
394 91520300722118254X
395 91110108396039429X
395 113503000036954421
395 91650100761141545G
395 52530700734337964C
395 610400100030356
396 91411381733852227X
397 787751579
398 91410000869953094T
399 556992893
400 698761361
401 91610104MA6UPF344W
402 91610113MA713P3N2C
403 55698616X
404 91610131MA710QFU2P
405 91310115MA1K470G91
406 91610000762581745M
407 91610131MA6U809KXE
408 91310112MA1GB63D5E
409 666066145
410 306467260
411 91110108785501795T
412 491012291
413 MA0014EN0
414 91540000919673446E
415 12100000426092408R
416 91310104MA1FR5RA7E
417 911101087934029813
418 91610000559371347T
419 916100002205333358
420 526100007836652519
421 52330000MJ87322565
422 91220000605120697F
423 912200007231957532
424 91370000334627786R
425 121000004552502099
426 91440101795545871B
427 349963766
427 91420100MA4KWM3B68
428 916107007979217976
429 770443166
430 301514697
431 121000007178256913
432 12511000G54208399Q
433 913204120694924298
434 766836610
435 220861398
436 740348619
437 12100000400019050T
438 440301107501430
439 580800679
440 12610000435231668C
441 91450100579421698C
441 335534020
441 911201166603098634
442 781701976
443 74993290X
444 91520115308791953E
445 722165093
445 91640103MA75W8Y4X3
446 91610131081002197U
447 9142090018087007XW
448 72636548X
449 732688226
450 91310120MACQDB1W15
451 11120000000125495G
452 426090920
453 311909481
454 91610000770022919U
455 115301110151181914
456 06794644X
457 91451300756516592R
458 084064051
459 591604315
460 914401117329733182
461 91110105MA001E879C
462 91652300328741048M
463 91440115MA59DD203C
464 5261000043523210XX
465 732973318
466 91320000608319749X
467 91410100170033534A
468 12440000756476455A
469 797464506
470 91610400088077490F
471 91440300671851383C
472 91610000559371347T
473 91610131MA6TYUUA4Q
474 12370281MB233432XQ
475 760897631
476 802034050
477 911100007109213302
478 91320804MA26RHH403
479 913301017265863549
480 91420500722066650H
481 91610113MA713R7F8W
482 91330104311288494N
483 91610113MA6X52F14T
484 91440400MA4UKQ1Q04
485 664013429
486 791928269
487 52610402MJU427788J
488 91110105793432320K
489 91510100083321386U
490 91330200717285453P
491 91610000920523699K
492 91310115MA1K4TFJ9H
493 733599532
494 660501513
495 11131000MB07661028
496 91430000790328368X
497 911101146876112535
498 91310000425010765H
499 91610000713548172W
500 91640000927682879E
501 91460000201242022Y
502 91610102757814989P
503 91510115202460646T
504 323135428
505 91430105320629289X
506 91120222MA06YNQ65G
507 397856084
508 710927388
509 12140000405700195W
510 110108015559647
511 916100007836929460
512 12100000457606117R
513 91610103MADDE6GG8H
514 91460000284023588R
515 750244805
516 000000000000000000
517 495572747
518 11610000MB2964735N
519 115303000151499329
520 726199303
521 708353039
522 911501007901706794
523 051815584
524 91110000710925243K
525 776983876
526 784980966
527 911201167274978049
528 801109401
529 717743469
530 556950829
531 600091145
532 91110108751321075C
533 000000000466008522
534 91610113MA713HYR07
535 664192711
536 728541125
537 91440000214401707F
538 91310113133492539R
539 121000004000147271
540 91310000607671222U
541 91321191MA1MUL4G66
542 91441300721118885X
543 91610131MA6U5K402W
544 123307824717706267
545 91110105MA00HENB4C
546 91440104745974328T
547 916101000973734350
548 11411300MB1971650X
549 91510000X21601577W
550 689062083
551 913100006693996748
552 405800380
553 11440000785760199H
553 683426739
553 741543600
553 91120116MA05KE148Q
553 91441300787933081M
554 91330106MA2KJR3PX3
555 91320200782736492H
556 91411200174725490H
557 91330206MA2J5X451A
558 11330900002633098M
559 743666938
560 742832578
561 91610000100005183N
562 294269223
563 11350800MB1895440J
564 91440300319776273R
564 91320681060238491Y
564 311801489
564 91611000054758167K
564 911101013363855736
565 684425690
566 91330100563015652A
567 12100000400010056C
568 712900402
569 91610112566027974L
570 91110000710931686J
571 743680991
572 916531007611404119
573 91440300618831447R
574 11510100009172191P
575 080143772
576 566010566
577 564244254
578 117923108
579 91130000MA08TEHN7R
580 340898697
581 91610000220521879Y
582 913300007176125493
583 731133026
584 91440400746299643U
585 X29006801
585 311038364
585 9133020178044471XM
586 429203011
587 91610113797482456J
588 9135020007937301XB
589 311119084
590 79166470X
591 911101085844819439
592 91610131311110469F
593 1213000010434318X4
594 9164110079993118X5
595 311002644
595 91310000607220587A
596 739609818
596 91330000MA27U01W95
597 663487075
597 770506892
598 911302307808371268
599 91310000761199990K
600 688344441
601 91130100700964396T
602 913100005500570876
603 804326890
603 91350200MA31DMUX52
604 914403006188392540
605 096666797
606 91340100570434353J
607 110102010408994
607 435231262
608 12610000435389991X
609 91340111MA2TK6J62Y
610 91320113MA21EHYR1G
611 91410100MA442HBW79
612 91610000563786326Q
613 11533001579825561A
614 12100000400852798G
615 91330000779370442Q
616 91133100MA0DCGF70J
617 91371300168435892C
618 333662395
619 91330701147301940U
