1|0.0 0.043752947474068674 0.0 0.20056988947602591 0.0 0.011130626509008354 0.0 0.0002602305138980725 0.0 0.018779635487100835
2|0.13396648388988358 0.6061657455473929 0.029235928406209588 0.16188124917751134 0.0 0.011640516774934133 0.0 0.011974374005934485 0.0 0.027431984430103605
3|0.0 0.0 0.0 0.31217510319716685 0.0 0.0 0.0 0.0 0.008745892791724401 0.08368737385210964
4|0.0 0.026045300578431425 0.0 0.0849026234244165 0.0 0.0 0.0 0.0017616950525192064 0.0 0.00040049581702303246
5|0.0 0.0 0.0 0.1445552554081845 0.0 0.0 0.0 0.0 0.024012472024171696 0.08441006028499569
6|0.21383678734296385 0.07923990467251901 0.0 0.5197826182503807 0.0 0.0 0.003767889703596476 0.0 0.019253734231485933 0.012054783176109756
7|0.03543883616718347 0.0 0.0 0.52310471684641 0.0 0.0 0.0 0.0 0.005518431656658769 0.0
8|0.0 0.0 0.0 0.3306123117763043 0.0 0.0 0.0 0.0 0.006090958261133496 0.012581412368349153
9|0.0 0.0 0.0007915585438017145 0.0 0.0018344655320366682 0.0 0.00201265274652335 0.0 0.0 1.36260364359172
10|0.0 0.0 0.0 0.286636500722477 0.0 0.0 0.0 0.0 0.0 0.019643891725001583
11|0.0 0.0 0.0 0.0 0.0 0.0 1.0651840984182606 0.0 0.0 0.0
12|0.0 0.0 0.0 0.351892392543341 0.0 0.0 0.01638785199833508 0.0 0.0 0.0
13|0.7676103615857806 1.0469538850815399 0.0 0.35780677112020065 0.0 0.0 0.07138226012228638 0.0 0.06898447827257381 0.0
14|0.0 0.0 0.0 0.2119436705642817 0.0 0.002563431148481761 0.0 0.0013529413691332724 0.0 0.0
15|0.0 5.9043806457087244e-05 0.0 0.05873578856983074 0.0 0.0017838123531133915 0.0 0.004978591313615733 0.0 0.0
16|0.0 0.0 0.0 0.0 0.0 0.0 0.0 0.0 1.689127701060279 0.0
17|0.0 0.0 0.0 0.16773892938872642 0.0 0.009894541356986126 0.0 0.0 0.0 0.0
18|0.0 0.0 0.0 0.005052004672303295 8.900298058553977e-05 0.0 0.0 0.0006203353595398447 0.003048326095006754 0.005846244532739894
19|0.0 0.0 0.0 0.1410716226256334 0.0 0.0006561577415626637 0.0 0.0036676820741020433 0.0 0.0
20|0.0 0.46731895335974905 0.013127948771657676 0.06565534275731798 0.009104161245555076 0.06513145321158327 0.0 0.037786096332290964 0.0 0.0
21|0.0 0.5785879649933399 0.0 0.091608626701806 0.0 0.0 0.0 0.0 0.09330870087728452 0.10093611366596934
22|0.006472863816195324 0.7523746974354607 0.1389600906516713 0.12931897892764035 0.015609073897879947 0.019201472142899984 0.01252325164187495 0.0074512141819364774 0.0 0.008386021683372444
23|0.0 0.08566110829054979 0.0 0.16112374969782184 0.0 0.01600984343144433 0.0 0.0 0.0 0.006635442404455523
24|0.0 0.0 0.0 0.1264632223376026 0.0 0.0 0.0 0.0027391119958336614 0.0 0.0
25|0.0 0.0 0.0026043600191132106 0.020108736184056075 0.0 0.0007459009771534955 0.0 0.00397674989220151 0.0 0.0
26|0.0 0.0 0.013551916049079234 0.1123106569603672 0.0046413278196071744 0.014004454460888702 0.003123780306288954 0.01335534813936064 0.0 0.0
27|0.0 0.0 0.001533404237344778 0.10972266963965299 0.0012855653490167175 0.0 0.000755723175777679 0.0 0.0 0.0
28|0.0 0.00949493984030966 0.0002807577194900103 0.01676361531070186 0.0 0.00016514852938813825 0.0 0.00013427776875952953 0.0 0.0014825070203426823
29|0.03355508489630485 0.02230211447005821 0.0 0.23077929600921468 0.0 0.005000872900685941 0.004547314405132305 0.007777819305076186 0.0 0.0
30|0.0 0.009908635690113157 0.0 0.06845218691650905 0.0 0.0 0.0 0.00037089439886312263 0.0 0.0
31|0.0 0.0 0.0 0.07214654252111098 0.0 0.0 0.0 0.04533407686789775 0.0 0.0
32|0.0 0.0 0.0 0.0022098396134924035 0.0017943574182470623 0.0 0.0 0.000136998460653521 0.0 0.003745380603509286
33|0.0 0.0 0.0 0.014938609855459051 0.0 0.004652558301123467 0.0 0.01447703479450587 0.0 0.0
34|0.07634380073946734 0.03757729812168679 0.02235286895129604 0.3070019658634759 0.0 0.002805540463157795 0.022987065257872735 0.0 0.0008080062667694288 0.0
35|0.0 0.0 0.007874762671267764 0.014142241701397445 0.0 0.0 0.0 0.0 0.0 0.0055723861646309
36|0.0 0.0 0.0 0.012072685028017142 0.0 0.0 0.0 0.04695410467631322 0.0019200867543761211 0.01059928410684694
37|0.0 0.0 0.027691786803638912 0.00593612114903004 0.00022701129462060363 0.0 0.0012813599956436185 0.01007587180219779 0.0 0.0
38|0.0 0.0 0.0 0.0140682377632333 0.0006601644984176668 0.0 0.0 0.012660847429869419 0.0 0.0
39|0.0 0.0 0.0 0.3663048547160222 0.0 0.0 0.012955137971888827 0.0 0.004245191743517632 0.0
40|0.0 0.0 0.0 0.30119288055497045 0.0 0.0 0.007937240046247247 0.0 0.0 0.0
41|0.0 0.0 0.0 0.21428961863716872 0.003280009487337335 0.005859408281733183 0.0017811943350945316 0.0 0.0 0.0
42|0.0 0.0 0.0 0.21046297309229492 0.03872184719096272 0.00022905743306159292 0.008327894685922398 0.043955071082608606 0.0013806942461340934 0.0
43|0.0 0.0 0.0 0.4132247965569285 0.0 0.0 0.0 0.0 0.0 0.028732469986680186
44|0.0 0.0 0.0 0.01155813138968071 0.0 0.0004850044080764991 0.0 0.008349265337356495 0.0 0.0
45|0.0 0.0 0.0 0.024025700158209862 0.005267437544290025 0.008631896551348236 0.0018138797962020982 0.015624265839355635 0.0005045383094469749 0.0
46|0.0 0.0 0.06028862697132121 0.13113138548923414 0.029596892446247774 0.0 0.0 0.10022180041682696 0.0 0.0
47|0.0 0.0 0.1676739206515513 0.12478979230899784 0.001569152213927714 0.0 0.0 0.09465997067921252 0.0 0.0
48|0.0 0.0 0.05972748899439873 0.0692974526714436 0.014257686975672982 0.0017191191838045045 0.0 0.042469802510926066 0.0 0.0
49|0.0 0.0 0.02420297950639204 0.08430740326787989 0.002168747617506014 0.00327529507778702 0.0022523084895587856 0.039340509791594425 0.0 0.00017665938040885995
50|0.01343764839803976 0.0 0.0 0.013086930605036854 0.0 0.01676392605139518 0.0 0.0 0.0 0.0
51|0.0 0.07608499234045256 0.014765098329787904 0.04784443720694223 0.0 0.04343127924170737 0.003649181506248397 0.013639292798479268 0.0 0.0
52|0.0 0.0 0.047999233838364186 0.06706048081193909 0.0020873770072364216 0.0 0.0 0.03135268882186737 0.0 0.0
53|0.0 0.0 0.0 0.22096873018442817 0.014964347588299965 0.0010808061424220376 0.009843262535831482 0.0328332903300048 0.0 0.0
54|0.00537686075550075 0.0380088931590487 0.0 0.2339245078026248 0.00039122690787195643 0.0016810955488334688 0.003022396431503393 0.0 0.0 0.005741393144936881
55|0.0 0.0 0.0 0.0 0.0 0.9463026357815464 0.0 0.0 0.0 0.0
56|0.0 0.0 0.0 0.033902903383544514 0.0 0.004200262891486289 0.0 0.010362926425421028 0.0 0.0
57|0.0 0.1250490388561264 0.0 0.03977832732686934 0.0 0.012451359122913865 0.0 0.02711337518002089 0.0036229698644388024 0.0
58|0.0 0.0 0.0 0.08420976813553904 0.0 0.0 0.0 0.052098748153908164 0.0 0.0
59|0.0 0.0 0.0 0.15092191559230378 0.0 0.0 0.0 0.0 0.0 0.006719063821594184
60|0.0 0.0 0.007346843325582033 0.3134611837326063 0.0 0.0 0.0 0.0 0.0 0.0
61|0.0 0.0 0.003710573458406473 0.06385173078394363 0.000797919601658123 0.0011056970353256082 0.0 0.04294134381954438 0.0 0.0
62|0.0 0.05012854045504351 0.0 0.002715346653068679 0.0 0.0029437134764394683 0.0 0.0 0.0 0.0016434680546301276
63|0.0 0.0 0.0 0.2476281820184268 0.0 0.0 0.0 0.0 0.0 0.0068435181288569215
64|0.0 0.0 0.0 0.034883961725140945 0.0 0.001419266729602542 0.0 0.004207444988067068 0.0 0.0
65|0.0 0.0 0.0 0.06036216839900957 0.0 0.013663781157797384 0.0 0.13351927947274386 0.0 0.05736292727295689
66|0.0 0.05124084421030596 0.0 0.020369636696398755 0.0 0.003881133739459548 0.0 0.0011813484763479494 0.0 0.0030556005282871756
67|0.0 0.010199234938977066 0.013217807885097398 0.05540480616678121 0.0 0.0 0.0 0.00416192454515795 0.0 0.0
68|0.0 0.0 0.002367934453266026 0.285342618229956 0.006244752226568993 0.0 0.010698878010850925 0.0 0.0 0.0
69|0.0 0.0 0.000557632089691327 0.0031305506527374628 0.0 0.004261800575028682 0.0 0.005747848621184058 0.0006308220638090271 0.0
70|0.0 0.0 0.0 0.042240697753802056 0.0 0.003182630126629368 0.0 0.00791299801292774 0.0 0.0
71|0.0 0.0 0.0 0.06884220230567462 0.0 0.003496076178470841 0.0006847371353808513 0.003706382095851135 0.0 0.0
72|0.0 0.0022802151958220434 0.0 0.0001610383262824937 0.0 6.391159480211475e-05 0.0006149828846081563 0.0 0.000606418837948795 0.0
73|0.0 0.0 0.0 0.011717032107176159 0.0 0.0020784308351819245 0.0 0.0030115084383338284 0.0 0.0
74|0.0 0.045446404490659925 0.0 0.05346265943309448 0.0 0.006400390060434857 0.0 0.0020518116700455687 0.0 0.0
75|0.005994825517375537 0.0 0.0 0.01651734632316832 0.0 0.0 0.00032261819720401526 0.0 0.00039512751908772327 0.0030976788525427746
76|0.0 0.0 0.0034829722587054876 0.013893750862401053 0.0005877159962713316 0.0005171412583245326 0.0012312486814846366 0.004246584495312416 0.0 0.0
77|0.0 0.030413715561632026 0.0 0.07730048772908407 0.0 0.010634647176750113 0.0 0.007040981778779894 0.0 0.011868751537664915
78|0.0 0.0 0.0 0.051286110711687455 0.0 0.0 0.0 0.04435735440778861 0.00385082557979215 0.0038938440059202457
79|0.0 0.0 0.0 0.13344564596201988 0.0 0.0 0.0 0.0 0.01695363390338275 0.08926105760047215
80|0.0 0.0 0.004452560129916587 0.0003566394653077463 0.0 0.0 0.0 0.0013427246284635397 0.0 0.0
81|0.0 0.0 0.0 0.027323070047279505 0.0 0.001576180395959518 0.0 0.0002394636246275882 0.000695804721293541 0.009087676482885049
82|0.0025218418161439505 0.0 0.025314084173659858 0.005876169399439836 1.2214040619326664e-05 0.0010818190219435081 0.0 0.0162407850144664 0.0 0.0
83|0.0 0.0 0.0 0.10267511597712667 0.007572429186105916 0.005489342827738824 0.0 0.013901612896583627 0.0 0.0
84|0.0 0.007935623454198803 0.0027804080432882747 0.02590038453532026 0.0 0.0 0.0 0.0006101250879544998 0.0 0.0009029518250302165
85|0.0 0.0 0.0 0.08557497380190826 0.0 0.004439041869211246 0.0 0.01041467572855577 0.0 0.008527646186392903
86|0.0 0.0 0.0 0.08577011135731726 0.004126726406078204 0.0 0.0 0.038595529419591525 0.0 0.0
87|0.0 0.0 0.0 0.06936899203911917 0.0 0.0 0.0 0.0 0.0 0.0
88|0.0 0.0 0.0 0.026184195914211627 0.0 0.0 0.002472861943723732 0.020642328955047175 0.0 0.0006688713733310345
89|0.0 0.0 0.0 0.013208742674872938 0.0 0.007130528822625619 0.0003850311322094857 0.0030375370178356838 0.000995787124289874 0.0
90|0.0 0.0 0.011746031896570587 0.009803638329610438 0.0 0.006389891193646146 0.0 0.013465158467197322 0.0 0.0
91|0.0 0.0 0.0 0.008510148340857225 0.00158567490976153 0.001825489534771771 0.0 0.0031422970991883134 0.0 0.0
92|0.0 0.0 0.0 0.057296945720437406 0.003239945979158477 0.003753865362681703 0.0 0.008435226722498327 0.0 0.0
93|0.0 0.0 0.011368502329755613 0.06652121951774881 0.0 0.03867404664768927 0.0004392049555035906 0.004387490197172842 0.0 0.0
94|0.0 0.026160146806922253 0.0 0.012159496996170626 0.0 0.004863132545853079 0.0005606337344409035 0.001649097502289908 0.0008341991327224355 0.0007763533751740269
95|0.0 0.0 0.0 0.004934466787723436 0.0003243601558301343 0.0010462678236711539 0.0010347475854659259 0.009698319236713238 0.002185348952302725 0.0
96|0.0 0.0 0.003211550842543686 0.014105107923179013 0.0 0.0031314247775589736 0.0 0.008214299163848164 0.0 0.0
97|0.0 0.0 0.0036760934500466125 0.06002156334783397 0.0 0.0 0.0 0.04302648089124394 0.0 0.0
98|0.0 0.0 0.0 0.03115358818644321 0.0009183048725746083 0.002657272814159779 0.0 0.02602513363374532 0.0 0.0
99|0.0 0.0 0.0017614137131640548 0.055102326158896736 0.0 0.0 0.0 0.003359168276609097 0.0 0.0
100|0.0 0.0 0.0 0.07311217505212904 0.00012738744070395268 0.0 0.0 0.049213348841146316 0.0 0.0
101|0.0 0.0 0.012553793027598107 0.05783148069038046 0.0036918031506526843 0.0 0.0 0.03150045382322825 0.0 0.0
102|0.0 0.024530342671258722 0.0 0.019665145897437803 0.0018279453086964428 0.0008230769525551879 0.0 0.001186506150027929 0.0 0.0
103|0.0 0.055228311251592 0.0 0.07648462204225241 0.0 0.0020626523213857035 0.0 0.0 0.0 0.0026500454426257353
104|0.0 0.0064000317248801035 0.0 0.11577531813689035 0.0 0.0 0.0 0.002598113633794415 0.0 0.0
105|0.0 0.023674312603397057 0.0 0.035833015431868794 0.0 0.0 0.0 0.004730304833344133 0.0 0.0
106|0.0 0.032597893720072005 0.0 0.04731366542565939 0.0 0.0024442441396293766 0.0 0.0 0.0 0.0
107|0.0 0.0 0.0 0.03938378474545611 0.0014734351314448732 0.0 0.0 0.014887134658024314 0.0 0.0
108|0.0 0.0 0.0 0.009844920789261871 0.0 0.004055480801179614 0.0 0.007097181767084617 0.0 0.0
109|0.0 0.0 0.0 0.07549744228890352 0.0 0.01012272911717917 0.0 0.007022227782762622 0.0 0.0
110|0.0 0.03467506911393969 0.0 0.004021729577582859 0.0 0.0026891058991229135 0.0 0.0 0.0 0.00036187463226111443
111|0.0023694540296835646 0.0 0.000967795624092279 0.0 0.0 0.0025594215769119367 0.0 0.002833100366916211 5.8483772647268034e-05 0.0
112|0.0 0.0 0.0 0.010905227670096178 0.0003259797150095862 0.001411889054945714 0.0 0.004147415189595998 0.0 0.0
113|0.0 0.0 0.0 0.006731886029728539 0.0 0.0 0.0 0.015646265373067875 0.0 0.0
114|0.0 0.0 0.0 0.006556253429396326 0.0 0.00048201830386869097 0.0005316492947903185 0.009268246884688398 0.0002944039756562602 0.0
115|0.0 0.0 0.0 0.01463136323322791 0.0 0.0008960666328630291 0.0 0.003932248396753791 0.0 0.0
116|0.0 0.0 0.0 0.014601233004658093 0.000979202815383018 0.0019319950066104313 0.0 0.013738742441607108 0.0 0.0
117|0.0 0.01633862140892848 0.0 0.0020170180681493336 4.460434633103574e-05 0.0030433303508187732 0.0 0.0 0.0 0.0
118|0.0 0.0034118026352433495 0.0 0.000560415942788045 0.0 0.00010878937008498077 0.0 0.0 0.0 0.001433373322559505
119|0.0 0.0 0.010150676212399292 0.026993746932550747 0.0 0.007108376349347421 0.004044074132841936 0.00027524613990526455 0.005272432792241011 0.0
120|0.0 0.0 0.0 0.029049025173782547 0.003949112589458007 0.0017893745959914502 0.0 0.0022178717819552594 1.0167288818029225e-05 0.0
121|0.04225963989174492 0.0 0.0 0.31272257969967243 0.0 0.0 0.0 0.0 0.0 0.010745248573900823
122|0.0 0.0 0.0 0.11190323703758781 0.0 0.00164277784093945 0.0 0.0 0.0 0.0
123|0.0 0.006074280941189044 0.0 0.0025849108740586936 0.0 0.005901988439095474 0.0 0.0 0.0 0.0
124|0.0 0.0 0.007344024403835167 0.02346060378755407 0.0007351010057807365 0.004906377074020314 0.0 0.009852395367977945 0.0009719988639318251 0.0
125|0.0 0.0 0.010887039121323099 0.018988160070574644 0.00029169336929173737 0.005788756070346057 0.00029462050948450043 0.0027871970229364157 0.0 0.005843504200542128
126|0.0 0.03314372330654747 0.0 0.01777763857955068 5.751233772844002e-05 0.0010332515503806321 0.0 0.0 0.0 0.0013043755639712347
127|0.0 0.0 0.0 0.014727098539873322 0.0 0.0025802272105301086 0.0 0.010707832789101307 0.0 0.0
128|0.0014739843444318019 0.0 0.0 0.007848239929682534 0.0016625882089977033 0.0013622829524784677 0.0011359399825693626 0.0021818717296858995 0.0 0.0010777437864101524
129|0.0 0.06857865202120988 0.0 0.06787809965895673 0.0066949893268811456 0.010073016321614484 0.0026252109278780134 0.007837214227079342 0.0 0.0
130|0.002314431783946616 0.0 0.000777084825501359 0.013944342694786113 0.0 0.01271955346627234 0.0 0.0 2.5492407516902706e-05 0.0
131|0.0 0.008444434536404949 0.004258669572300643 0.0 0.0 0.0019345759200203277 0.0001258003203257977 0.0027069022715188323 0.0 0.0031921374326982655
132|0.0 0.0 0.006081204797361746 0.009197172549090405 0.0 0.0011015796961316288 0.0 0.004754929854483751 0.0 4.109540209090208e-05
133|0.008538118904032468 0.0025476895069068556 0.0 0.008434294826526557 0.0 0.0010845878753286816 0.0 0.0 0.0 0.003513467047484977
134|0.0 0.022920018338154803 0.0 0.04965548192273866 0.0 0.006049771812674542 0.0 0.006250264479917228 0.0 0.0
135|0.0 0.0 0.0 0.020868661770554863 0.0020352290937392502 0.0 0.0 0.012825874480824282 0.0 0.0
136|0.0 0.016350236878777905 0.0 0.002016277737106657 4.3721120610772255e-05 0.003050914024839425 0.0 0.0 0.0 0.0
137|0.0 0.02977622711896599 0.0 0.022550294323472057 0.0 0.0005463582724176657 0.0 0.0 0.0 0.0006036021558809367
138|0.0 0.0 0.006251629780731257 0.01748603611648481 0.0 0.008138336415184614 0.0 0.014424150618362375 0.0 0.0
139|0.0 0.053282214501497324 0.0 0.08405505431995183 0.0 0.006870093530741309 0.0 0.0 0.0 0.005342393512367996
140|0.0 0.060249098354866096 0.0 0.057379299115282396 0.0 0.002077647394192428 0.0 0.0 0.0 0.004550949111725886
141|0.16180815096032378 2.633176638698969 0.0285020099154715 0.057847192003715756 0.0 0.0 0.0 0.0 0.0 0.0
142|0.00017651671089597407 0.029684299879417876 0.0 0.0 0.0004574441993975709 0.010992753472846775 0.0 0.0 0.00043146584742652236 0.0
143|0.0 0.011500309923996633 0.0 0.15392177443341049 0.0 0.0 0.0 0.0 0.0 0.0
144|0.0 0.036576955305379875 0.0 0.004354142122865298 0.0 0.0052326199150199235 0.0 0.0 0.0 0.0
145|0.004955608215842251 0.01488383206307711 0.0 0.003263991021159128 0.0 0.004927839755718616 0.0 0.0003005558327762353 0.0 0.0
146|0.0 0.027590217035991987 0.0 0.004603720369578118 0.0 0.00499375756337377 0.0 0.0 0.0 0.0055184267351080655
147|0.0 0.0 0.0 0.014204242090785673 0.0 0.0035120925955835856 0.0004667881543138712 0.003108080835341969 0.0 0.0
148|0.0 0.02103248116356104 9.635615113300142e-05 0.1200732033403924 0.0031343930699585286 0.0 0.008755999799684794 0.0 0.0 0.0
149|0.0 0.0 0.0 0.2767732299748234 0.0 0.0 0.0 0.008433148982058233 0.0 0.0
150|0.0 0.0 0.0 0.03005306123419322 0.0 0.001871141427175914 0.0 0.006413436450989642 0.0 0.003481437530154406
151|0.0 0.0 0.0 0.09191553099495102 0.0 0.0 0.0 0.0 0.0 0.0
152|0.0 0.0 0.0 0.0 0.0 0.0 0.0 0.001362300114648159 0.0 0.0
153|0.0 0.0 0.0007052190263649308 0.0017410316174305454 0.0 0.0 0.0005745245125646942 0.0017527371089058556 0.001806618923071297 0.001759848226880676
154|0.0 0.034110074090021245 0.016630933844093695 0.08700411377711885 0.0 0.0015109699143662726 0.0 0.001993550624108049 0.0 0.0
155|0.0 0.0 0.0 0.0 0.00013429062473186532 0.0022796925105512283 0.0 0.0034519305180372166 0.0 0.00016097679608882687
156|0.0 0.0 0.0 0.029669633351178035 0.0035429287265965003 0.0013488662068679705 0.0 0.0033487834259037625 0.0 0.0
157|0.0 0.0 0.0033585737794441465 0.005839637940989599 0.0003108072689125008 0.0 0.0 0.0 0.0 0.0013018889170127083
158|0.0 0.0 0.0012274309621587837 0.005377317846553219 0.0017527223148204652 0.0 0.0005388125355085287 0.0 0.00013423417276096244 0.0
159|0.0 0.0 0.0 0.11098888101778025 0.0 0.0 0.0 0.008789495584212742 0.0 0.0
160|0.0 0.0 0.005335795679126055 0.0842802587764583 8.191527630369014e-05 0.0 0.0 0.0 0.0 0.0
161|0.0 0.0 0.0 0.02158530348528409 0.0 0.001653165791762157 0.0 0.015494923538889524 0.0 0.0
162|0.0 0.0 0.022318563704940085 0.13613139842310076 0.0 0.002956825947825364 0.0 0.011215266423741661 0.0 0.0
163|0.0 0.0 0.008503913782684714 0.10701119070625785 0.0 0.00022367169246568995 0.0 0.010235689696733209 0.0 0.0
164|0.0 0.0 0.021780523437718198 0.26593871495299404 0.0037009964189439787 0.0 0.001523611007566229 0.0 0.0 0.0
165|0.0006687024706510177 0.0 0.01076178888590429 0.0 0.00018188419909264932 0.0 0.0 0.0 0.0 0.0032037832096023736
166|0.0 0.0 0.0 0.03600712586053705 0.0006616669207759146 0.0004644144016012675 0.0 0.010648144740217616 0.0 0.0
167|0.0 0.0 0.0 0.08048102624741459 0.0 0.00028743342297446423 0.0 0.0011465677866564607 0.0 0.0
168|0.0 0.0 0.005418846071296876 0.0441108426598754 0.0014478351731011276 0.0 0.0006145216853925246 0.0 0.0 0.0
169|0.0 0.0 0.0 0.1488443066167299 0.0 0.011746777584264748 0.0 0.013587737521208738 0.0 0.0
170|0.0 0.0012386548609592035 0.0 0.015519729352451347 0.0 0.0 0.0 0.0 0.0 0.0
171|0.0 0.01967541547085561 0.0 0.1229566506332141 0.0 0.0 0.0 0.00731903883000845 0.0 0.0
172|0.0 0.0 0.0 0.02677756715630709 0.0 0.0 0.0 0.0 0.0 0.0
173|0.0 0.0 0.03435602232427234 0.14829956857658502 0.0027747640192644116 0.005017763047739648 0.0 0.005543471686739129 0.0 0.0
174|0.0 0.0 0.0 0.018608290582204583 0.0 0.0004929698567903886 0.0 0.0036066755716253353 0.0 0.0021679034673289135
175|0.0 0.002080520078521889 0.0 0.016004286701853082 0.001450554581679931 0.0011956529524783242 0.0 0.002163223512112286 0.0 0.0
176|0.0 0.0 0.0 0.061683180092913965 0.0 0.0 0.0 0.005581234634582853 0.004776276534331581 0.01730217606248381
177|0.0 0.041941521670972544 0.0 0.0762311385019617 0.0 0.0028682972800537503 0.0 0.0 0.0 0.0
178|0.0 0.0 0.0 0.1923336412382165 0.0 0.0 0.0 0.001654438139356713 0.0 0.0
179|0.003372652506397326 0.0 0.008738360213055203 0.001496464948388446 0.0 0.004060984254704946 0.0004954990625994347 0.013600102318030795 0.0016542449239142437 0.0
180|0.0 0.0 0.0 0.0 0.9606613303611341 0.0 0.0 0.0 0.0 0.0
181|0.0 0.0 0.012576636758014396 0.02824930883845302 0.0002467914974195351 0.00024224416673028772 0.0 0.0773509371942179 0.0 0.05725554475793802
182|0.0 0.0 0.0 0.06205759637201233 0.0 0.0055081043219033605 0.0 0.017082258797682267 0.0 0.0
183|0.0 0.0 0.0036297638582297354 0.029067433882863203 0.0 0.0 0.0 0.0 0.0 0.0
184|0.0 0.0 0.0 0.13162792102849102 0.0 0.0 0.0 0.001353051068628086 0.0025391221134262276 0.0
185|0.0 0.0 0.0 0.02806835770656182 0.0 0.0 0.0018696888813578224 0.0 0.0004008171688785883 0.0
186|0.0 0.018356209450327933 0.0 0.0018524959637744854 0.0 0.0 0.0 0.0 0.0 0.0005143261338888097
187|0.1594901232625628 0.655326282507668 0.0 0.1084681073210884 0.008065601531157726 0.01676856702665583 0.0 0.025005609482288863 0.0 0.0
188|0.0 0.0 0.02024487009548269 0.10252998171948394 0.0 0.0 0.0 0.0012480631607591109 0.0 0.0
189|0.0 0.0 0.0 0.0 0.001152585337257175 0.0 0.0 0.0 0.0 0.0
190|0.0 0.032410245524613725 0.0 0.019649907472651596 0.0 0.0039579047415365136 0.0 0.0 0.0 0.000985160494229851
191|0.0 0.017721926743351143 0.005976534073845081 0.024607553501660096 0.0007665492512831997 0.005922143925805949 0.0 0.0 0.0 0.0004979247845632731
192|0.0 0.23347338405674695 0.015958330010486625 0.0 0.13664558523235337 0.005695955754789915 0.02228479805438797 0.16002109815640642 0.01168378505727832 0.0
193|0.0 0.0 0.0 0.04366207496222026 0.0 0.0 0.0 0.009662644602212554 0.0010300280357469645 0.005053717716841414
194|0.0 0.0 0.0 0.009472448370173202 0.0011846392198935419 0.0012080138157349258 0.0 0.005380744922658503 0.0 0.0
195|0.0 0.0 0.0 0.0 0.0 0.0 0.0 0.0 0.0 5.16019603207354e-220
196|0.0 0.023674975649297058 0.19712256822730134 0.01571175118823406 0.0178394422230348 0.007313126614899144 0.001754355208824054 0.03959056676026544 0.0 0.0076358333459829245
197|0.0 0.0 0.0 0.0033390872022548393 0.0008710849073085617 0.0 6.983172338902941e-05 0.0 0.0 0.0002610226996901984
198|0.0 0.0 0.0 0.009974004346064394 0.0012458565976004754 0.0053821765937485284 0.0005723651434882011 0.0 0.0 0.0009502496822397926
199|0.0 0.015663412938389853 0.0 0.07371610007823219 0.0 0.0006650314735340029 0.0 0.0026175176003956787 0.0 0.0
200|0.0 0.009913571310774152 0.015407395083688548 0.05089147065400951 0.00018370805419374843 0.0 9.803818129941678e-06 0.0 0.0011306387505404247 0.0
201|0.006088496412735114 0.0 0.0 0.0 0.0 0.0 0.0012249711797145434 0.0 0.0009720040833908494 0.0005967138596888548
202|0.0 0.012670213286112285 0.01261772809072303 0.09814931423727294 0.0 0.0 0.0 0.0 0.0 0.002352590275007894
203|0.0 0.013516238903553912 0.0 0.057648240709172724 0.0 0.0011899033389001174 0.0 0.007868873602585265 0.0 0.0
204|0.0 0.0 0.006438043566014807 0.08417790888269065 0.0 0.0002018018243094242 0.0 0.0036717558456706013 0.0 0.001806870415127894
205|0.0 0.0 0.012587554254154715 0.026367962929863868 0.0 0.010155362787276745 0.0028360736240523633 0.004122758685193572 0.0 0.0
206|0.0 0.0 0.0 0.05108438625664418 0.0009175393695918825 0.005326852242987544 0.004177548883239302 0.0034116946326012954 0.0 0.0
207|0.0 0.0 0.0 0.023560414439510024 0.0 0.005311530343925411 0.0 0.0005599568949996885 0.0 0.0
208|0.0 0.0 0.0005878890691782964 0.009693002511674693 0.00010918959459216132 0.0 0.0 0.0 0.0 0.0
209|0.0 0.0 0.0069296603352649744 0.02209404819395559 2.131118315517619e-05 0.005402879609807531 0.0 0.0034804019311781807 0.0 0.0
210|0.0 0.0 0.0 0.0 0.0 0.0 0.0 0.0 0.0 4.803297939227553e-166
211|0.0 0.0 0.0 0.02311233227254565 0.0 0.0 0.0 0.0052056130394409535 0.0 0.0
212|0.0 0.0 0.0017358865080788605 0.026149005700216065 0.0 0.0 0.0 0.002250773064815848 0.0 0.0
213|0.0 0.0 0.0 0.013480193730632702 0.0 0.0 0.0 0.0 0.00025216408679803895 0.0
214|0.0009739022950485688 0.0006388630337934154 7.825347908367159e-05 0.006162895271043104 0.0 0.004109995615585862 0.0 0.00041830192120357115 2.464341756628632e-05 0.0012062107402013018
215|0.0 0.0 0.0 0.15665622233333956 0.0 0.0 0.0 0.0 0.02740773151273403 0.058804353882581296
216|0.0016441953446911298 0.0019333740642880422 0.0 0.011647143764109101 0.0 0.0011666923490259878 0.0 0.0 0.0 0.0014862206613915684
217|0.0 0.05967770676915926 0.37627216915327133 0.04448881218593893 0.04708835370133981 0.009459856469899967 0.04199553053476905 0.2023359253842796 0.03999017546150075 0.0
218|0.0024727021214852466 0.01622687464964084 0.0 0.003963566428602991 0.0 0.002818857903231821 0.0 0.0 0.0006193016258563343 0.0010239876059782162
219|0.0 0.0 0.0026761741538431916 0.023457171529598673 0.0 0.005179009752208969 0.0 0.006478523895952207 0.0 0.0
220|0.0 0.0 0.0 0.0 0.0 0.0 0.0 0.004592627408310893 0.0 4.287448654146096e-06
221|0.0 0.0 0.0 0.020879252903403967 0.0 0.0 0.0 0.0031586241216341637 0.0 0.004182998084483737
222|0.0 0.007066901989741399 0.0 0.027528837379591272 0.0 0.00085699022553336 0.0 0.015598084976663125 0.0 0.0
223|0.0 0.010034368717328232 0.0 0.007924412568159192 0.0 0.002524739807915277 0.0 0.0 0.0 0.0
224|0.0 0.024757951541238218 0.0 0.000749744525842222 0.0 0.0028895312434711784 0.0 0.0 0.0 0.0017090095175761558
225|0.0 0.00583227392123357 0.0 0.010925215105562075 0.0 0.0012478639996592366 0.0 0.0 0.0 0.0
226|0.0 0.0 0.0 0.0019171894492818224 0.0 0.0 0.0 0.0 0.0 0.0
227|0.0 0.01604767883618646 0.0 0.003120635042149054 0.0 0.0027847896816091556 0.0 0.0 0.0 0.0015386404546687364
228|0.0 0.018077340938150385 0.0 0.0025021077470811404 0.0 0.003031427471601081 0.0005026876473553965 0.0 0.0 0.0
229|0.0 0.04100473900549813 0.0 0.018199231039236805 0.0 0.001422945262020845 0.0 0.0 0.0 0.0
230|0.0 0.0170556372306351 0.0 0.004265696713208749 0.0 0.005131430809987779 0.0 0.0 0.0 0.004223389154696252
231|0.0 0.0 0.0 0.0 0.0 0.0 0.0 0.5768841601665264 0.0 0.0
232|0.02045278236998348 0.023926835965272158 0.11592377986671527 0.0004143543095201991 0.014894940952524742 0.006752699376013126 0.0 0.057338484543975436 0.0007982720976288559 0.020842718767272873
233|0.0 0.0387022073667269 0.0 0.0012408464420066352 0.0 0.0030136107726194887 0.0 0.0 0.0 0.0
234|0.0 0.22484888369390693 0.03239755764352907 0.0 0.043305322672556254 0.0006376034841973739 0.04522176700096769 0.11162515827707348 0.000362788078815034 0.0
235|0.0 0.0 0.0 0.0 0.0 0.0 0.0 0.46197820459265676 0.004653389713874742 0.010973643065507443
236|0.0 0.016350236878777905 0.0 0.002016277737106657 4.3721120610772255e-05 0.003050914024839425 0.0 0.0 0.0 0.0
237|0.005937012954888561 0.0 0.0 0.0027865805038756694 0.0 0.0 0.0 0.0 0.0 0.0022617190433295215
238|0.0 0.008288497742583119 0.0 0.0 0.0007315947903190992 0.0 0.00025687419698951767 0.0 0.0 0.0010252170762331952
239|0.0 0.0 0.0 0.009844463659821502 0.0 0.0016542163880172462 0.0 0.004101382901147603 0.0 0.0
240|0.0 0.0 0.013221501280705813 0.026423871244083293 0.001776932871367829 0.0 0.0 0.006384797010561305 0.0 0.0
241|0.0 0.0 0.0 0.012796656604635226 0.0 0.0006302030356859889 0.0 0.00866721066940662 0.0 0.0
242|0.0 0.005876841154723356 0.0 0.004796497412477507 0.0 0.0 0.0 0.0 0.0 7.941726126761857e-05
243|0.09731985037830272 0.3295747001313543 0.03257863122527085 0.02400078982257587 0.1071816973196691 0.006259485688664629 0.0647043644369055 0.12897052832594047 0.027158388754269683 0.0
244|0.0018191565538424662 0.0 0.0 0.0026541250575104753 0.0 0.0 0.0 0.0 0.00021789435684670317 0.0007141360420953908
245|0.0020768709117583205 0.0 0.0 0.0015067731554648978 0.0006859549866542536 0.0 0.0003225711146822208 0.0 5.955751494347786e-05 0.0006181548661775461
246|0.0 0.06253454444370836 0.06122191117619301 0.0006952893541027508 0.0 0.0016203377279444056 0.0 0.0837477244351737 0.0 0.0066722038565648015
247|0.0 0.0 0.08339796014698152 0.0 0.028852702383513385 0.0 0.012958846030989521 0.3004037845946594 0.0 0.04985439821645677
248|0.0 0.06223271689789211 0.007666323466954177 0.029822377705074586 0.0 0.0 0.0 0.0 0.0 0.0
249|0.0 0.11444215413918322 0.007913811332401623 0.05135630348987754 0.014158963129673286 0.020122346376788752 0.027093555974109253 0.05440447982745162 0.008993434888687932 0.0
250|0.0 0.0 0.0 0.0 0.0011710020747291822 0.0 0.0 0.0 0.0 0.0
251|0.0 0.0 5.6781151627491795 0.0 0.0 0.0 0.0 0.0 0.0 0.0
252|0.0 0.13690100085628745 0.007501404498532469 0.01315419348424873 0.027905973672610544 0.005149859527925901 0.0 0.08050382527812207 0.0 0.009848468657416953
253|0.0 0.0019683837403521197 0.004814903996552194 0.0 0.002649555104754421 0.0 0.0011157205506695624 0.0 0.00211109270146235 0.0029230023320003
254|0.0 0.0 0.059584446090353224 0.0 0.0024427580920786344 0.0 0.002104643407241017 0.004269994142084778 0.0 0.006145109850989335
255|0.006866451517140742 0.27779072359215207 0.42497039964800387 0.004494626091557876 0.03185639271976914 0.0020402452743553717 0.011751418357524893 0.117761380076392 0.0023883628362511124 0.00922729984065282
256|0.015745996396573057 0.0 0.17958784021865712 0.0 0.004322079974470533 0.003123996126669027 0.0027974077471518382 0.04488770193419987 0.0 0.00693887168605551
257|0.0 0.0 0.0025091503236954965 0.0 0.0007128448968566657 0.0 0.00028811854386204884 0.0012759866557694734 0.0002867369665083529 0.0
258|0.0 0.0 0.006202354368330795 0.0 0.0 0.0 0.0005988401842638542 4.662888163457114e-06 0.0 0.0011762385866197875
259|0.0 0.00024106644378596136 0.0 2.374250959523592e-05 0.0 4.618902058496299e-05 0.0 4.949093309957158e-05 0.0 0.0
260|0.0 0.017168903803514587 0.0017661474914582287 0.0 0.00019511115359273741 0.0 0.0 0.0013177678912791179 0.0 5.62279806527744e-05
261|0.0 0.0 0.0 0.0 0.0 0.0 0.00027487566067811096 0.36035958006917923 0.0 0.0
262|0.0 0.0 0.0 0.0 0.0 0.0 0.005271623598124779 0.0 0.0 0.0
263|0.021547809562511087 0.08980139122878847 0.0 0.0 0.016960842534428793 0.07021736843916596 0.006679316185588776 0.03910116707160808 0.003948068997878203 0.009827143284975597
264|0.0 0.0 0.0 0.0 0.0009714461448015483 0.0 0.0 0.00026661065561903776 0.000704045095625418 0.0
265|0.0 0.0 0.0043038296102854805 0.0 0.0006593286159544255 0.0 0.0003921133797822727 0.0 0.0 0.0012662707946977003
266|0.0 0.0 0.06803460418532162 0.0036987625811396533 0.01847496976029949 0.0025427169320409253 0.002616170307247726 0.31863219447195423 0.013565078526361726 0.0
267|0.01822649009158694 0.0 0.00235630342192112 0.010154065175925691 0.007058642116720339 0.014174105384050872 0.005442848857285797 0.07837653397338187 0.0 0.0
268|0.0 0.0 0.010593029333683595 0.0038836065009335194 0.0 0.01449453143666299 0.0 0.2171445963443774 0.0 0.0016564829285151692
269|0.006908814345295226 0.058793506148570665 0.03207072069329621 0.0 0.0 0.0037283006850730065 0.0 0.0690526039381451 0.0 0.003026105157725189
270|0.0 0.0 0.0012816347553278604 0.0 0.00011213544142108394 0.001880753788529143 0.0 0.0015855983838503718 0.0 0.002528958300511377
271|0.0 0.0 0.0 0.0 0.0 0.0 0.0 0.0011122152629039713 0.0 0.0
272|0.0 0.0 0.021628563263821534 0.003450911190072249 0.017325014996682125 0.030631873365818837 0.020716071378063257 0.06848775491168654 0.014751568817384255 0.0
273|0.0 1.0300608190564804 0.0 0.02630638744342102 0.0 0.01528085627400572 0.0 0.0 0.0610735865243986 0.054434548722313535
274|0.0 0.0 0.015418686266940465 0.009435167209122724 0.015350067445931153 0.05029365208847168 0.006404696015316736 0.06397780475117852 0.010673007868721537 0.00751638041242051
275|0.0 0.1769426031026252 0.01847972564075873 0.0 0.0021390895492078943 0.042665843385655024 0.009415798007905813 0.12165268319662052 0.0 0.006245605503814145
276|0.0 0.0 0.0 0.0 0.0 0.0 0.0 0.0 0.0 1.3387312608440968e-219
277|0.0 0.07128665082637825 0.0033102390512516795 0.0 0.0 0.006522666916875177 0.0010502250541538658 0.030599654430548802 0.0 0.007128868032866172
278|0.0 0.0 0.006444895150575849 0.0 0.0 0.0 0.0 0.0 0.0008271584298793375 0.0
279|0.0 1.1484990225902698 0.0 0.041620897543541105 0.0 0.005885661925573869 0.0010884860733831859 0.0 0.0 0.0
280|0.0 0.5578065490201437 0.0 0.05292301559243861 0.0 0.0010445589922301643 0.0 0.021385570825538613 0.0 0.0
281|0.0 1.1163499481506722 0.003708353911378418 0.0 0.006756407041309917 0.0 0.003901295507998064 0.009436107267611132 0.0 0.0
282|0.0 0.4084843548433622 0.0 0.0 0.0 0.0031210792022934074 0.0 0.01400923743347356 0.0 0.0
283|0.06198020972562089 2.645710864811128 0.015980064663592173 0.022362630553343286 0.0 0.0 0.004422820632811792 0.0 0.0 0.0018811460405135467
284|0.005319243924969803 0.9447833349456185 0.0 0.02837216335416048 0.0060669798079645105 0.021883504735785597 0.0 0.013451869809400791 0.0 0.0
285|0.0 0.21700349216093778 0.0 0.01154021979627147 0.0 0.002905761511410427 0.0 0.023770422257839676 0.0 0.006259297765500325
286|0.0 0.0 0.0 0.006345288685062999 0.004896700037882053 0.015162107587439657 0.004269392242908086 0.04134147165542808 0.0043097323354000594 0.0037467331141808795
287|0.0 0.900027226325295 0.0 0.024251406919083857 0.0 0.001454825538518113 0.0 0.012298964860221775 0.0 0.00048643635887203433
288|0.0 0.8287852898977454 0.0 0.06918661185557287 0.0 0.0 0.0 0.05598279622367478 0.0 0.0
289|0.0 0.5067317987825736 0.0 0.023852090014726733 0.0115219326773442 0.030741280251115406 0.0 0.03164029963800124 0.0 0.0
290|0.0 0.3882120350636614 0.0 0.03132476948058249 0.0 0.013144950455265446 0.0 0.02360389063063333 0.0 0.0
291|0.001911730209385774 0.00806516695330725 0.0 0.0 0.005664633628823802 0.01931635819766409 0.001810671707609562 0.019455954284440205 0.004249088895949091 0.00045605732293903196
292|0.0 0.2548755868924553 0.011374294652397216 0.016593293304805436 0.0 0.01806426025249477 0.0 0.036697596887210464 0.0 0.004785085423731328
293|0.057247313646008324 1.1483839733713068 0.0 0.045068443832445196 0.0 0.0038205172039553737 0.0 0.010940988241531942 0.0 0.018395091539114977
294|0.0 0.9793538952801157 0.0 0.0 0.01003224163768523 0.004116055595610004 0.0023254531157854428 0.0 0.0 0.0
295|0.0 0.20894806785648593 0.0 0.03395258491824026 0.0 0.003925813034888814 0.0 0.009364681485325082 0.0 0.0
296|0.0 0.04137010633769266 0.0 0.028864425965513966 0.005280712298904253 0.012821654235239463 0.007375615742030634 0.0551136722082498 0.005370095007872188 0.0
297|0.0 0.024937132287304396 0.03120629395189936 0.0 0.0035098580313915615 0.006161456476035879 0.0050506836818872 0.009463940250630019 0.0005161112206344462 0.0
298|0.0 0.2238407781416865 0.00044277245721353436 0.0849717002788633 0.0 0.01625815075333151 0.0 0.0 0.0 0.0
299|0.0 0.01490820751482057 0.007585603737153545 0.00013823592423405824 0.0 0.0 0.0 0.0010726823091591045 0.0024196955119353846 0.0017448200552632432
300|0.0 0.23603522338306432 0.01561708325829396 0.017411966794840503 0.0 0.005008086938854767 0.0 0.01698153442625357 0.0 0.0
301|0.020609580868872105 0.053394454114924376 0.003188141983094047 0.0 2.8540509743455194e-05 0.005969854972520795 0.0 0.002130950100660956 0.0 0.0
302|0.018873942559481584 0.3728454668275535 0.032692170403942095 0.0 0.0 0.0 0.0 0.022386225688976198 0.0 0.0
303|0.0 0.0009416771901679656 0.0 0.0 0.0 0.0 0.0 0.0 0.0 0.0
304|0.0 0.008332054911911904 0.0 0.0 0.0 0.0 0.0 0.0 0.0 0.001379141321623503
305|0.0 4.509918929475426 0.0 0.0 0.0 0.0 0.0 0.0 0.0 0.0
306|0.0 0.16811628918904079 0.015866342694179997 0.03351714528202976 0.002184506432774676 0.006493140322542414 0.0 0.003907265006747647 0.0 0.0
307|0.0 0.4668285229577664 0.0 0.0 0.0 0.008568520890543937 0.0 0.04030000791064572 0.0 0.0
308|0.0 0.00011998898956595468 0.00495998721366346 0.004292145416068071 0.0 0.0 8.060344527222678e-05 0.0 0.0 8.003402814973618e-05
309|0.0 0.004906059099991161 0.0 0.01896311014036368 0.004484263351441839 0.01614102842155663 0.0013240504059374597 0.046444076950840615 0.0 0.0
310|0.0 0.0 0.018834320467972662 0.019546118240091424 0.004744779104508935 0.011962069722929673 0.0 0.03578544143749954 0.0 0.0
311|0.0 0.8366972517026378 0.0 0.0 0.011196099092589493 0.0007378530136669198 0.0063788880891199684 0.0045910403834715134 0.0013506629083236792 0.0
312|0.003135400524039839 0.036666443087269046 0.055316338473082635 0.0 0.013100660323919136 0.034635014411774544 0.00370169738372266 0.040322256490887706 0.004133229554071724 0.0031431622141420506
313|0.0 1.0916319297523296 0.0 0.0 0.0 0.0 0.00816198845750074 0.008273579802924884 0.0 0.0
314|0.015110233956140669 0.8988074955565972 0.006897636653109381 0.0855924875988228 0.0018287887852420678 0.002281895297921165 0.0 0.022479552326418004 0.0 0.0
315|6.037497181530595 0.0 0.0 0.0 0.0 0.0 0.0 9.19809528947921e-05 0.0 0.0
316|0.007604169502115866 0.0 0.0 0.0015944000623749326 0.0 0.0022985185062227 8.890874912062206e-05 0.0 0.0 0.0005315077597403364
317|0.0017633627392548963 0.0 0.0032632708852206203 0.0 0.004478311163938322 0.0020762563925764256 0.0043429593298610425 0.008326624081081148 0.0 0.00583750755823674
318|0.0 0.0 0.030682958566088082 0.0 0.004259582701378609 0.014671037172617144 0.0007315178250572687 0.06338734722427908 0.0 0.021409153204452195
319|0.0 0.000999012015281882 0.06386560866728563 0.03606829492713107 0.004224183967589801 0.04402910842685686 0.007250289484385452 0.08054767482230679 0.001475991692210998 0.003249987850331223
320|0.0 0.0 0.0 0.0 0.0 0.0 0.0 0.0 0.0 1.0434365572860128e-219
321|0.0 0.0 0.0 0.0 0.0 0.0 0.0 0.0 0.0 7.475479048198143e-220
322|0.0 0.07432534920986655 0.0 0.0 0.005239528246175426 0.00862194853490775 0.013336976906138677 0.03335196357293029 0.0 0.0
323|0.0 0.0 0.0 0.00810437944509692 0.0 0.019373919674593346 0.0 0.09214116611896535 0.0 0.003309309336571093
324|0.0 0.0 0.0 0.0 0.0 0.0 0.0 0.0014124656456849705 0.0 0.0
325|0.0 0.0 0.0 0.0 0.0 0.0 0.0 0.0 0.0 1.9839856749907026e-219
326|0.0 0.3402619384824697 0.0 0.022341533158719454 0.005440404291635942 0.0007798493262350815 0.0 0.011593182682683816 0.0 0.0016243823932620238
327|0.0 0.07031613732737886 0.006047201463943273 0.021770744038134122 0.0022772496592689505 0.0 0.0 0.008086079337036037 0.0 0.0
328|0.0 0.13382863680190743 0.003490494377541616 0.017925643022191292 1.9366909807678818e-05 0.0018096822113718653 0.0 0.00995059927185834 0.0 0.0
329|0.0 0.21709333270453116 0.0 0.0 0.003304855375619549 0.0 0.0 0.008856358305918334 0.0 0.0
330|0.0 0.15804523217325148 0.0 0.017372771165178134 3.151600169189278e-05 0.003889633626305655 0.0 0.02185003347809756 0.0 0.0
331|0.0 0.17628640645966714 0.0 0.05404596564094987 0.0009440183269085739 0.0023977352667325876 0.0016235943614752906 0.0 0.0 0.0
332|0.0 0.546364056168182 0.03962069744182929 0.02848037470162913 0.007177221676800345 0.0 0.002449528545019315 0.01722445611831674 0.0 0.0010484285307202077
333|0.0 0.159760733076129 0.0 0.000406646824847566 0.0 0.0055695698424190155 0.0 0.021505199735584096 0.0 0.0
334|0.0 0.16319987252651133 0.0 0.029211217877836218 0.0 0.004020018381959808 0.0 0.017972846843094845 0.0 0.000401052281281946
335|0.006991224823199801 0.8318618640324706 0.0 0.07254156061758699 0.0 0.00590385606432935 0.0 0.01833336584833387 0.0 0.00045232380084919113
336|0.0 0.22209907128661405 0.0 0.0632579121651782 0.011189039437529868 0.031238826453002418 0.00010292654618449502 0.02661236834432893 0.0 0.0
337|0.0050125069568393195 0.0 0.0 0.0 0.0 0.0 0.0 0.0 0.0 0.0
338|0.005595514655021914 0.0 0.005051244244215205 0.004372009803286814 0.0005032743854092944 0.005406969583979415 0.002061444568858158 0.0 0.0 0.0
339|0.0 0.036019952733188226 0.0 0.0029929228367991745 0.00014895638822248 0.006142331924070928 0.0 0.004822818109795049 0.0006544942397526154 0.0
340|0.0 0.07348683300977245 0.01600457339373263 0.0 0.0013089097775577157 0.008394494587455047 0.0 0.0038695522870099207 0.0 0.0
341|0.0 0.11260144010792772 0.0 0.0009744420796164035 0.0 0.006817855315718722 0.0016315185531767134 0.009369597035147666 0.0 0.002774829672550382
342|0.0 0.03339504112698387 0.0 0.0 0.0 0.004900417598625639 0.0 0.0 0.0 0.0
343|0.011982677458093841 0.0018732629443933826 0.0 0.0 0.0 0.005815408642757773 0.0 0.001910597004930521 0.0 0.0
344|0.0 0.09735499349017983 0.0 0.00023591663281217172 0.0 0.015816282350194902 0.0 0.014604269100755306 0.001206442853618619 0.0
345|0.005310547052148184 0.0010198020912657818 0.002980492248810236 0.0 0.0004389262156382973 0.0 0.0 0.0001394146564990658 0.002502531446571039 0.0
346|0.0 0.13110633709629876 0.0014799322821861763 0.0005646053505981232 0.002341162620934959 0.009818587804500028 0.0013708800312318564 0.0 0.0 0.001965067714089607
347|0.0 0.11781786777498594 0.0 0.018441959906234824 0.0006568606260125683 0.002039550156235397 0.0 0.021516925711950612 0.0 0.0
348|0.0 0.12022737267839599 0.0 0.02490348368105502 0.0 0.0037098652257230003 0.0 0.0075630903022427575 0.0 0.0
349|0.0 0.18544159189899795 0.0 0.013987717051889012 0.006014319060929299 3.2817247114401615e-05 0.0 0.00560752814233245 0.0 0.0
350|0.0 0.16174466912585095 0.0 0.050245153919064665 0.0 0.0007953949054511823 0.0 0.030353035259320472 0.0027296630039908005 0.008345246784971947
351|0.0 0.08689592052764603 0.008226793073419279 0.0 0.0 0.00029930173337184337 0.0 0.0005304386959307525 0.0 0.00270806040871852
352|0.0 0.18255934257896633 0.0017743264417397003 0.016235283004512338 0.0023446940237349567 0.0 0.0 0.009932900344438333 0.0 0.0
353|0.0 0.12492633715501393 0.0 0.03435347614971753 0.0 0.0 0.0 0.012603945898013138 0.0 0.0
354|0.0889149059031764 0.9647191415102474 0.009544266223975821 0.12457617611197425 0.0 0.009409441694064515 0.0 0.0738657222754516 0.0 0.014761684871007643
355|0.0 0.07481918488534973 0.009083406066663665 3.4611188383147485e-05 0.0005992790369064838 0.0008342418668386166 0.002685679897268353 0.0 0.0 0.0
356|0.008034168529775112 0.02315423119889748 0.0 0.008090489271553392 0.00048263736512242227 0.0 2.8567119208711264e-05 0.0 0.0 0.00634455243157699
357|0.0 0.0 0.0 0.0 0.0 0.0 0.0 3.1702016002920165e-216 0.0 0.0
358|0.0 0.0 0.0 0.0 0.0 0.0 0.0 0.0 0.0 1.1956511234302148e-173
359|0.0 0.0 0.007881901678318296 0.020973489273810146 0.0 0.0 0.0 0.23113265985100617 0.011657980263935254 0.03354516494883818
360|0.0 0.04546279457092657 0.0 0.010903314508006648 0.0 0.0018253113732130668 0.0 0.0002854637372500049 0.0 0.0
361|0.0 0.0 0.0 0.0 0.0006950475993437163 0.0024983025101949427 0.00034193015044884273 0.0 0.00029081091205182454 0.0010374601569017312
362|0.0 0.02736021274152709 0.0 0.0 0.0 0.0022101497999815105 0.0 0.0037737532088634304 0.0 0.0
363|0.0 0.020668926603456504 0.0 0.004858939576248988 0.0 0.0032942800703109772 0.0 0.0 0.0 0.0
364|0.0 0.04424229567942169 0.023030537390631243 0.0 0.0026534511667106113 0.007275170105682604 0.002640096441522211 0.015909947020169325 0.0001179540894909258 0.0052206908471065456
365|0.0 0.22364979875025637 0.04542354472556412 0.04166695002719824 0.012720444565809197 0.0031501767958793973 0.005091751821300105 0.03412474165076568 0.00045451391108852784 0.0009018670676121544
366|0.0 7.919033135319032e-05 0.0 2.2785286166370046e-05 0.0 6.849560769481286e-05 0.0 6.640498860502358e-06 0.0 0.0
367|0.0 0.012310173180120098 0.007345716108033277 0.01496567725273878 0.00046181659944520787 0.004504167379998244 0.0 0.013339665488146624 0.0 0.0
368|0.0 0.02758975756924569 0.009314969818410426 0.013787669162750022 0.0051665648231149055 0.0 0.0 0.006912282762743885 0.0 0.0
369|0.015048908731689023 0.00047047786076610197 0.0 0.0 0.0 0.0 0.0 0.0 0.0 0.0
370|0.013274921316105451 0.0 0.0 0.0 0.0 0.0 3.465586752311806e-05 0.0 0.0010705487683053802 0.0
371|0.0 0.007789715129233749 0.0 0.00954045810687283 0.0 0.0014202369029965845 0.0 0.0021226627673631405 0.0 0.0
372|0.0 0.17894220740040984 0.0 0.04385432083856732 0.0009530633260597128 0.0033672088864885657 0.0 0.003976033739642471 0.0 0.0
373|0.0 0.01584492708835914 0.0 0.0 0.0 0.0025273345671636845 0.0 0.0 0.0 0.0006792288909069612
374|0.008700121014830057 0.01988651045556864 0.006403145065638948 0.0 0.0006078089481734547 0.0 0.0 0.0 0.0017569437252270103 0.0
375|0.0007387573110108845 0.056235179922947486 0.0 0.0 0.0005459870956624547 0.0 0.0 0.0004009615561716935 0.0 0.0
376|0.0 0.0 0.014851816360768403 0.0047939851554468695 0.00628985372631229 0.0 0.006722503611049017 0.00485907796869003 0.004868553228493002 0.0005785106511561515
377|8.953822556395534e-05 0.006129021014718842 0.0010165562938078123 0.0 0.0004219034660473161 0.0 0.0 0.0027132999228962253 0.0 0.00019207815728502944
378|0.0 0.02214670175342471 0.0 0.0 0.00040786485609149205 0.0 0.0 0.0 0.0 0.0
379|0.0 0.02214670175342471 0.0 0.0 0.00040786485609149205 0.0 0.0 0.0 0.0 0.0
380|0.0 0.02214670175342471 0.0 0.0 0.00040786485609149205 0.0 0.0 0.0 0.0 0.0
381|0.0054603052931280404 0.008558944212392358 0.002431012637201735 0.0 0.00022645288196828555 0.0 0.0 0.00030940774073345194 0.0008839689284804304 0.0
382|0.0 0.012866264102481992 0.0037216021553795635 0.0 0.000586193183262297 0.0 7.202098576135898e-05 0.0 0.0 0.0005308540939457358
383|0.0 0.005274038240078376 0.0 0.00961041335738813 0.0 0.0014562484580745803 0.0 0.0022356790491245932 0.0 0.0
384|0.0 0.011818682432942778 0.0 0.0 0.0 0.0 0.0 0.0 0.0 0.0
385|0.0 0.036907381040768406 0.0 0.0014719458465249674 0.0 0.0 0.0 0.0 0.0 0.0
386|0.0 0.005403556202817235 0.0 0.0 0.000977494925011149 0.0 0.0003953934782382017 0.0 6.0365693497944626e-05 0.0009063826250873977
387|0.0 0.02818886306384283 0.0 0.0 0.0001744405216073741 0.0 0.0 0.0 0.0 0.0
388|0.0 0.025569651539290545 0.00765080927013409 0.007603938540189029 0.0 0.0010544137044046938 0.0 0.0018807801770902768 0.0 0.0004116524471867137
389|0.0 0.004765633335216829 0.010299828689147186 0.011674728253183919 0.0 0.0005093479246876776 0.0 0.006738579931299238 0.0 0.0
390|0.0 0.001069653072624008 0.0 4.9968807975108124e-05 0.0 0.0 0.0 0.0 0.0 0.0
391|0.009759704707188704 0.002496812712254487 0.0003444291607498343 0.0013279613722748055 9.866899242067655e-05 0.0 0.0 0.0 0.0 0.003973042234295136
392|0.0 0.001251130917369154 0.0 0.0 0.0 2.2076146347584957e-05 0.0 2.07069884485478e-05 0.0 0.0
393|0.0 0.002353621556696685 0.0 0.0 0.0 0.0 0.0 0.0 0.0 0.0
394|0.0 0.0 0.0 0.0 0.0 0.0 0.0 0.0 0.0 1.570868810844831e-219
395|0.013029584062212713 0.058607157484268015 0.043370951280858994 0.0 0.003105969678062407 0.016525054416177982 0.001472619502998333 0.08555591850620971 0.0006850879754000778 0.0058319381950018845
396|0.0 0.0 0.0 0.0 0.0 0.0 0.0 0.0 0.0 5.9489492453841226e-220
397|0.0 0.0 0.0 0.0 0.0 0.0 0.0 0.0 0.0 2.7373676939830303e-220
398|0.0 0.005287204270257982 0.0 0.009602683454524228 0.0 0.0014538316888196914 0.0 0.0022346836712541836 0.0 0.0
399|0.0 0.0018328278242178621 0.0 0.0 6.117880723396692e-05 0.0 0.0 6.694913810475041e-05 0.0 0.0
400|0.0 0.09276647038206418 0.0 0.0454139678438111 0.0 0.003611214255816888 0.0 0.0027524963424018197 0.00259155292031112 0.0053925724337871
401|0.0 0.011718458071581466 0.0038593564708649113 0.0 0.0 0.0 0.0 0.0 0.0013268963401974103 0.0
402|0.0 0.0 0.0 0.0 0.0 0.0 0.0 0.0 0.0010878647099007925 0.0
403|0.0 0.02214670175342471 0.0 0.0 0.00040786485609149205 0.0 0.0 0.0 0.0 0.0
404|0.0 0.004064054378834371 0.0021464014715157588 0.0013347794067691755 0.0 0.0 0.0 0.002599880096289414 0.0 0.0002919562591020316
405|0.0 0.0376721416893295 0.0 0.0 0.0010644915145987478 0.0 0.0 0.0 0.0003144931340223553 0.0
406|0.0 0.02027653109389961 0.0 0.0006856432363621101 0.0 0.0 0.000475738179086232 0.0 0.001558915880597411 0.0005739224442285712
407|0.0 0.018712414380142522 0.0 0.0 0.0 0.002344255971532744 0.0 0.004197541149155384 0.0 0.0
408|0.0 0.018712414380142522 0.0 0.0 0.0 0.002344255971532744 0.0 0.004197541149155384 0.0 0.0
409|0.0 0.013710284686685842 0.0 0.0 0.0 0.0 0.0 0.0 0.00017179569383088343 0.0
410|0.0007226339161794832 0.0 0.0 0.0 0.0 0.0019208645835672841 9.088763765744062e-06 0.0014528407698853418 0.0 0.0030330703715829343
411|0.0 0.0 0.021839654250440335 0.0 0.0 0.0 0.00017790064268965035 0.0019681235289130375 0.0017910359122021826 0.0
412|0.0 0.0 0.0 0.005943499096225696 0.0 0.0052489323253916585 0.002435269582896713 0.0 0.0 0.00029483297488728263
413|0.0 0.01105894535472333 0.0 0.0 0.0021407992522771905 0.005692711217574426 0.0007907168120858571 0.005673748268618419 0.0003979449530718327 0.0011007358234244862
414|0.0 0.0 0.0 0.008963577328926046 0.0 0.0 0.0 0.007525502334194596 0.0 0.0014931566910169108
415|0.0 0.07266057037228967 0.0 0.03327004183736183 0.0 0.0019525194865890611 0.0 0.0 0.0 0.0
416|0.004205904143911703 0.0031804369486980373 0.0 0.0 0.0 0.00012099410610945256 0.0 0.0 0.0 0.0
417|0.0 0.0021885850264190417 0.012986745343280745 0.01755704635992335 0.0016282028628923956 0.0007379360751588121 0.0 0.013394013572713142 0.0 0.0
418|0.0 0.0 0.012267422800679509 0.023377467477151654 0.004213527205064807 0.0 0.0 0.0015659026742169794 0.0 0.0
419|0.0 0.005062053626659602 0.0 0.010036246422021456 0.0 0.0 0.0 0.0025540725726144724 0.0 0.0
420|0.0 0.011995128242881181 0.007237137460347696 0.0023790015590512453 0.0008591378747529614 0.002743232760970849 0.0 0.0 0.0 0.001139372341275522
421|0.002565481945928763 0.006908055864004388 0.0 0.008873910164745676 0.0 0.0 0.0 0.0 0.0 0.000350586053806708
422|0.0 0.0 0.0 0.00015639757231176684 0.0 1.7094014758194873e-06 0.0 0.0 0.0 0.0
423|0.0 0.0 0.0 0.0 0.0 0.0 0.0008560327598634595 0.0 0.0 0.0
424|0.0 0.0 0.0 0.0 0.0 0.0 0.0 0.0 0.0 1.4730055182127012e-219
425|0.0 0.00017404073366937992 0.0 0.0016746291280682075 0.0 0.0 0.0 0.0 0.0 0.0
426|0.0 0.0033711050479122546 0.0 0.00021253010185428965 0.0 0.0 0.0 0.0 0.0 0.0
427|0.0 0.02695272160131858 0.0 0.020318558919052408 0.0019083013518949835 0.001223968092843474 0.0 0.03631992470591521 0.0 0.0
428|0.0 0.0 0.0 0.0 0.0 0.0027314009354630093 0.0 0.0006335770574517772 0.0 0.0
429|0.00045055795037878265 0.006470508827718064 0.0 0.015760036819781716 0.0 0.0007812260840429513 0.0 0.0 0.0 0.0003190169095921634
430|0.006172576314179451 0.0038984918804288635 0.0 0.014728492846446081 0.0 0.0027695226484747704 0.0 0.007035650660583522 0.0 0.0
431|0.0 0.0 0.0 0.013038381857460422 0.0 0.0 0.0 0.0 0.0 0.001289180360416778
432|0.0 0.0 0.0 0.0 0.0015688678569021678 0.0 0.0 0.00032396143842171684 0.0 0.004829651565174464
433|0.0 0.0 0.006629926259073499 0.010530467784628428 0.0 0.001417415333922673 0.0 0.005602053552508729 0.0 0.0
434|0.0 0.0032030242236184875 0.010084438851031765 0.009299812713534493 0.0 0.001371063871833877 0.0 0.00257845337129683 0.0 0.0
435|0.0 0.0 0.0 0.010771901505082797 0.0 0.0 0.0 0.0 0.0 0.00021136662615730447
436|0.0 0.011246175777161232 0.0 0.00949234296587132 0.0 0.0 0.0 0.0023394129230794513 0.0 0.0
437|0.0 0.002633327877336466 0.0 0.0006315655974001205 1.4198892320992375e-05 0.0 0.0 0.004382098441739432 0.0 0.0
438|0.0 0.0015980066020416703 0.0 0.009017995185093339 0.0 0.0009795871092615936 0.0 0.005449267544446002 0.0 0.0
439|0.0 0.005287204270257982 0.0 0.009602683454524228 0.0 0.0014538316888196914 0.0 0.0022346836712541836 0.0 0.0
440|0.0038550810706122745 0.0 0.0 0.0 0.0 0.0 0.0 0.0 0.0007685601779433541 0.0
441|0.017056479203689003 0.13481223997086747 0.0 0.07955472472432573 0.0 0.0 0.0 0.02258382346609998 0.0 0.0
442|0.0 0.0 0.0 0.0001565224026241143 0.0 1.6947287997131232e-06 0.0 0.0 0.0 0.0
443|0.0 0.0 0.0065179653090632296 0.028284039641558116 0.0022850882873811144 0.0008593296547279927 0.004134393248481428 0.011212985691854603 0.0006189067213244729 0.0
444|0.0 0.009689308823649032 0.004272538228606807 0.0 0.0 0.0 0.0 0.0 0.0 0.0009430775350074746
445|0.0 0.0 0.0 0.027357050178875273 0.0 0.006189902136285689 0.0 0.01572042796850631 0.0 0.0
446|0.0 0.019938011982176047 0.0017947568830943474 0.0 0.00020702374747659234 0.002634135458050195 0.0 0.0 0.0 0.0001313477335505618
447|0.0 0.007962713957370941 0.0 0.0 0.0 0.0 0.0 0.0 0.0 0.0
448|0.0 0.007647026516522092 0.0 0.0 0.0 0.0 0.0 0.0 0.0 0.0
449|0.0 0.0008838113181441435 0.0 0.0 0.0 0.0 0.0006880079249638074 0.0 0.0 0.0014747321348914926
450|0.0 0.002411500706734119 0.0 0.006345157772935072 0.0 0.0016493122739955034 0.0 0.0 0.0 0.0
451|0.0 0.042896788644429994 0.0035821106022163383 0.005060237129632504 7.024075946428728e-05 0.0 8.58228890703161e-05 8.816754128282197e-05 0.0 0.0007614830283947441
452|0.0 0.022407805844932297 0.0 0.0051071115157495005 0.0008207777873233705 0.0026498674600901875 0.0 0.0 0.0 0.0
453|0.0 0.0 0.0 0.0 0.003139360804323616 0.0017763277323129113 0.002609963170180254 0.0 0.0 0.0
454|0.0 0.0 0.021549132470918456 0.01747627776024063 0.00449755723334821 0.0037831461375960225 0.0 0.009145760532681707 0.0 0.0
455|0.0 1.66255320241354e-05 0.0 0.0 0.0 2.988847065791735e-05 0.0 0.0 0.0 0.0
456|0.0 0.0 0.0 0.0 0.0 0.0 0.0 0.0 0.0 1.2970290644255318e-219
457|0.0 0.0 0.0 0.006081835740980884 0.0 0.0 0.0 0.0 0.0 0.0
458|0.0 0.007222695394883147 0.0 0.0018209591972537938 0.0 0.0 0.000187289905006238 0.0 0.0 0.0005728131955645914
459|0.001892725423236301 0.004365247645575146 0.0 0.0 0.0 0.0 0.0004747424740345307 0.0 0.0001849190012542546 0.0010277470632158317
460|0.001892725423236301 0.004365247645575146 0.0 0.0 0.0 0.0 0.0004747424740345307 0.0 0.0001849190012542546 0.0010277470632158317
461|0.0 0.0 0.0 0.0 0.0 0.0 0.0007003106044063693 0.0 0.0007753532982624579 0.0
462|0.0 0.0047768643072597155 0.0 0.0019446541313518045 0.0 0.0016593456114680628 0.0 0.004331624766902821 0.0 0.0
463|0.0 0.0 0.0 0.0 0.0 0.0 0.0 0.0 0.0 1.402481387677332e-220
464|0.0032187775370547474 0.003669376938851821 0.0 0.0 0.0 0.0 0.0 0.0 0.0005841850017914223 0.0
465|0.0 0.004812155269149681 0.0 0.004088081129970483 0.0 0.0 0.0 0.0 0.0 0.00016923947603258437
466|0.0 0.005944803583452617 0.0 0.0 0.0 0.0 0.0014015498204132675 0.0 0.0 0.0008696206627376838
467|0.0002903614707236377 0.0 0.007985171294732698 0.0 0.0 0.002401833116761514 0.0 0.0024424295734194116 0.0011388180412607158 0.0001127737952599067
468|0.0033370869522694542 0.0018664123718864056 0.0 0.0 0.0 0.0 0.0005680013063959216 0.0 0.00044208385496459176 0.0
469|0.0 0.0 0.0 0.0 0.0 0.0 0.0 0.0 0.0 5.769121697965092e-222
470|0.0 0.018884300912644463 0.0 0.0024544172197368216 0.0 0.003012100438672961 0.0 0.0 0.0 0.0
471|0.0 0.0 0.0 0.0 0.0 0.0 0.0 0.0 0.0007529551876399749 0.001453591232000753
472|0.0 0.019947585915892435 0.0 0.0017353133187274963 0.0 0.0029917696828893744 0.0 0.0 0.0 0.0
473|0.0 0.0 0.0 0.0 0.0 0.0 0.0 0.0008266011474086735 0.0 0.0
474|0.0 0.02037265789002881 0.0013403438588254501 0.0 0.0 0.0 0.0 0.001398044043989658 0.0 4.6031134129778495e-06
475|0.002859204232128695 0.0 0.0 0.0015235909465458552 0.0 0.0 0.00044368086102548166 0.0 0.00031353637654380466 0.0
476|0.0 0.0 0.0 0.0 0.0 9.638441829618647e-06 0.0 9.489173856991424e-05 0.0 0.0
477|0.0 0.0001292782761267381 0.004948972296875879 0.004283947008645372 0.0 0.0 8.157393377194411e-05 0.0 0.0 8.218835526332397e-05
478|0.0 0.0 0.0 0.0 0.001150594305538915 0.0 0.0 0.0 0.0 0.0
479|0.0 0.0 0.0 0.0 0.0 0.0 0.0 0.0 0.0 3.7339032479067606e-220
480|0.0 5.480505881741262e-06 0.0 3.8340148696678996e-06 0.0 2.6116343610211954e-05 0.0 0.0 0.0 0.0
481|0.0 0.004590887854582895 0.0 0.0019384125740989837 0.0 0.0016934641068326504 0.0 0.004453107877434576 0.0 0.0
482|0.0 0.00017979770338715902 0.0 7.177918099963229e-06 0.0 8.2439075423576e-05 0.0 1.2482794656508245e-05 0.0 0.0
483|0.003455288604716264 0.0 0.0 0.0 0.0007973687300836708 0.0 0.00046327704889236054 9.584646653344098e-05 0.0 0.0
484|0.0 0.0 0.0 0.0 0.0 0.0 0.0007564034114648037 0.0004488323351888103 0.0 0.0
485|0.0 0.01633862140892848 0.0 0.0020170180681493336 4.460434633103574e-05 0.0030433303508187732 0.0 0.0 0.0 0.0
486|0.0 0.0 0.0 9.862323754603604e-06 0.0 4.5201981587336406e-05 0.0 0.00012274259577034022 0.0 0.0
487|0.0 0.0 0.0 0.0 0.0 0.000118791409771213 0.0 7.612816083926252e-05 0.0 0.0
488|0.0 0.009570359038644878 0.002482994759806803 0.00419036723441065 0.00023793067699990277 0.0 0.0 0.0 0.0 0.0
489|0.0 0.0 0.0 0.0 0.0 0.0 0.0 0.0 0.0 8.515162234298243e-220
490|0.0 0.0 0.0 0.0 0.0 0.0 0.0 0.0 0.0 0.003486384480149015
491|0.003938873919022464 0.0 0.0 0.0 0.0 0.0 0.0 0.0 0.0007673079276820182 0.0
492|0.001892725423236301 0.004365247645575146 0.0 0.0 0.0 0.0 0.0004747424740345307 0.0 0.0001849190012542546 0.0010277470632158317
493|0.0 0.0 0.0 0.0 0.0 0.0 0.0 0.0 0.0 6.440212133236204e-220
494|0.0 0.0 0.0 0.0 0.0009695802984443655 0.0 0.0 0.0009131897610031479 0.0005538591387646738 0.0
495|0.0 0.0 0.0 0.0 0.0 0.0 0.0 0.0020976425908692405 0.0 0.0
496|0.0 0.014670664182040698 0.0 0.004742480324444936 0.0 0.002760520408263046 0.0 0.0 0.0007018142244466954 0.001522831777713889
497|0.0 0.004297364891449632 0.0 0.0018425539599469067 0.0 0.001589221602640501 0.0 0.004807732651412073 0.0 0.0
498|0.0 0.0 0.0 0.0 0.0 0.0 0.0 0.0 0.0 4.23888958574473e-220
499|0.0 0.021890174750648254 0.0 0.003775658676384411 0.0 0.002881856359414618 0.0 0.0006346338109674692 0.0 0.0008837627796821218
500|0.0 0.0 0.0 0.0 0.00012697692716862692 0.0022065258544622475 0.0 0.0034418453422724645 0.0 0.0001677440362171103
501|0.0 0.0 0.0 0.0 0.0 0.0 0.0 0.0 0.0 1.872086042649429e-220
502|0.0 0.003186589980927084 0.0 0.0 0.0 5.19331723787422e-05 0.0 0.0 0.0005675059164113142 0.0014922767837306627
503|0.0 0.0 0.0 0.00027466398976005074 0.0 0.0 0.0 0.0 0.0006876948514850782 0.0014741495587996232
504|0.0 0.0 0.0 0.004643636248833709 0.0 0.0021131099353783604 0.0 0.0032538799820334276 0.0 0.0
505|0.0007762290781605499 0.00087183526707122 0.0 0.0029855568901594937 0.0 0.0 0.000390475254900419 0.0 3.5808949848553706e-05 0.00038526483057483397
506|0.0 0.0 0.0 0.0 0.0001282767102021366 0.0022017035367085705 0.0 0.0034374006709130688 0.0 0.00016951373909777418
507|0.0 0.0 0.0 0.0 0.0 0.0 0.0 0.0 0.0 9.910222405572397e-220
508|0.0 0.0 0.0 0.0 8.521704396471075e-05 0.0 3.1005248072499866e-06 0.0001093225504307196 0.0 0.0
509|0.0033370869522694542 0.0018664123718864056 0.0 0.0 0.0 0.0 0.0005680013063959216 0.0 0.00044208385496459176 0.0
510|0.0 0.0 0.008733386117857391 0.004346383461659718 0.0 0.0 0.0 0.0006946561684640578 0.0006396613143743877 0.0
511|0.0 0.00017404073366937992 0.0 0.0016746291280682075 0.0 0.0 0.0 0.0 0.0 0.0
512|0.0 0.004784578648269864 0.0 0.0 0.0 0.0 0.0 0.0 0.0 0.0
513|0.0 0.0 0.023606865875459904 0.014446824712175874 0.0 0.0017170698254145187 0.0 0.01155468014962005 0.0 0.0
514|0.0 0.0 0.002143478724021524 0.027872136921063106 0.0 0.001860533799179382 0.0 0.0055214864739100864 0.0 0.0
515|0.0 0.0 0.0 3.996866196297391e-05 0.0 9.41721853851174e-06 0.0 0.0 0.0 0.0
516|0.0 1.8282473911644756e-06 0.0 0.0 0.0 1.2588892937761749e-05 0.0 0.0 0.0 3.706187098081886e-06
517|0.0 0.01633862140892848 0.0 0.0020170180681493336 4.460434633103574e-05 0.0030433303508187732 0.0 0.0 0.0 0.0
518|0.0 0.004867893473042494 0.0 0.007782267945248456 0.00035014941923916873 0.0 0.0003779782191157641 0.0 0.0 0.0
519|0.0 0.0 0.0 0.045744664459507554 0.0 0.0 0.00014781873125162162 0.003413645878890894 0.0 0.0
520|0.0 0.01883336118626291 0.0 0.04832029291621927 0.0 4.1100113579349637e-05 0.0 0.002113471011731611 0.0 0.0
521|0.0 0.004171504500488349 0.0 0.010103558306056328 0.0 0.0 0.0 0.0025958311668135736 0.0 0.0
522|0.0 0.01633862140892848 0.0 0.0020170180681493336 4.460434633103574e-05 0.0030433303508187732 0.0 0.0 0.0 0.0
523|0.0 0.0 0.005467855374286423 0.0025059270914277254 0.0028709362927417338 0.0 0.0 0.005677442147953109 0.0 0.002843557686708742
524|0.0 0.0 0.0 0.008608673076662833 0.0 0.0016371555163731445 0.0 0.002754517515602057 0.0 0.0
525|0.0 0.010849057691482766 0.009046269353575926 0.0018313648672229265 0.0 0.0 0.0 0.0013054922221599277 0.0 0.0014387867770108847
526|0.0 0.00981769130476905 0.0 0.0 0.0 0.0 0.0 0.0 0.0 0.0
527|0.0 0.0 0.0 0.0 0.0 0.0 0.0 0.0 3.0321402840623025e-242 0.0
528|0.0034710432510363944 0.0 0.010623361536310444 0.0 0.0 0.0 0.0001535648903328832 0.005796686321713158 0.0 0.0
529|0.0 0.0 0.0 0.0 0.0011519741024123406 0.0 0.0 0.0 0.0 0.0
530|0.0 0.0015919544530830654 0.0 0.003930513532086229 0.0006088250507241523 0.0 5.289580303895709e-05 0.0 0.0 0.0
531|0.0 0.0 0.0038265119231132893 0.0007821113056804944 0.0 0.0 0.0002612023144502324 0.001188974997658493 0.0001799839149395574 0.0007324311864982815
532|0.0 0.0 0.004166746035583145 0.004570439537021683 0.0 0.0 0.0009517710237947312 0.011356439799051049 0.000691540457573742 0.0
533|0.0 0.0 0.013798098923278268 0.0076845654004828795 0.0006616294180219022 0.0038934906883047135 0.0 0.0 0.0 0.0
534|0.0 0.0 0.0 5.713846655786441e-05 0.0 1.7272792883012433e-05 0.0 0.0 0.0 0.0
535|0.0 0.0 0.0 0.0 0.0 0.0 0.0 0.0 0.0 2.7496961534474774e-220
536|0.0 0.0 0.0 0.007545182872629145 0.0006807090896124685 0.0 0.0 0.0 0.0 0.0
537|0.0 0.0 0.0 0.0002574378660286068 0.0 0.0 0.0008274096277489109 0.0 0.0 0.0
538|0.0 0.0 0.0 0.0 0.0 0.0 0.0 0.0008881099779926361 0.0 0.0
539|0.0 0.0 0.0052550539463690395 0.0 0.0009032029838214857 0.0 0.0 0.0 0.0 0.0
540|0.0 0.0 0.0 0.0 0.0 0.0 0.0 0.0 0.0 3.1068032346999255e-220
541|0.0 0.0 0.0 0.001855074393836393 0.0014460174019368594 0.0 0.0 0.003557974152607964 0.0003380937432777416 0.0
542|0.0 0.0 0.0 0.0 0.0 0.0 0.0 0.0 0.0 2.1366957163775045e-219
543|0.0 0.0 0.0 0.0 0.0 0.0 0.0 0.0 0.0 8.017385393063249e-221
544|0.0 0.0 0.0 0.0 0.0 0.0 0.0 0.0 0.0 4.9140685403505724e-220
545|0.011665808642893537 0.0 0.008537944890994515 0.0019868662722406396 0.0 0.0 0.0 0.005697295188104352 0.00011786795991804187 0.0
546|0.0 0.022214081242114516 0.0 0.005125686673952294 0.0 0.002665489187477413 0.0 0.0 0.0 0.0
547|0.0 0.0 0.006573169180719602 0.00015905480290841117 0.0 0.0 0.0 0.0 0.0 0.0
548|0.0 0.0 0.0 0.0042856136966174276 7.892501429084525e-06 0.00203077904494054 0.0 0.002985917122677409 0.0 0.0
549|0.0 0.00647665989790408 0.004657592142365731 0.0014158353367889828 0.0 0.0 0.0 0.0 5.7336061542400964e-05 0.0006961143056519854
550|0.0 0.017116461636131383 0.0 0.001989502900196217 1.8402052496161604e-05 0.0030306541398016527 0.0 0.0 0.0 0.0
551|0.0 0.005845828400066904 0.0 0.005945135944121899 0.0 0.0 0.0 0.0 0.0 0.0
552|0.0 0.0 0.0036720767963770227 0.0 0.0005984574338004498 0.0 0.0 0.001295125836194549 0.0 0.0
553|0.03323642957692686 0.0 0.0 0.2809343979897471 0.0 0.0 0.002067867300336684 0.0 0.0014821764024425118 0.0
554|0.0 0.005287204270257982 0.0 0.009602683454524228 0.0 0.0014538316888196914 0.0 0.0022346836712541836 0.0 0.0
555|0.0 0.0 0.004695590540528072 0.000489247387417232 0.0010661287899259612 0.0 0.0 0.0 0.0 0.0
556|0.0 0.019784442988234775 0.0037913345499134177 0.0048860591019042904 0.0 0.0016356775965996795 0.0005239663446179117 0.0018920689886177502 0.0009025455668205807 0.0
557|0.0 0.016494328269547102 0.0 0.022440954653291968 0.0 0.0 0.0 0.0013300642718411736 0.0 0.0007872997963782103
558|0.0 0.0012938051808204867 0.0 0.016942241136791464 0.0 0.0008306280424233409 0.0 0.0015333919407842563 0.0 0.0
559|0.0 0.0 0.0 0.0 0.0 0.0 0.0 0.0 0.0 1.497041108363265e-220
560|0.0 0.005287204270257982 0.0 0.009602683454524228 0.0 0.0014538316888196914 0.0 0.0022346836712541836 0.0 0.0
561|0.0 0.0 0.0016725462928405634 0.0012508406906966154 0.00040355059723180104 0.0 0.0 0.0026726836233566067 0.0 0.0
562|0.0 0.0 0.0 0.002243817012646828 0.0007305677048326092 0.0 0.0003079943874823041 0.0 0.00021175115322993174 0.0
563|0.0 0.0 0.0 0.007545182872629145 0.0006807090896124685 0.0 0.0 0.0 0.0 0.0
564|0.04515778220940325 0.0008101755388655802 0.0 0.2718309294408564 0.0 0.0 0.0 0.0 0.0 0.030409639660157105
565|0.0 0.0 0.0 0.07901523723850928 0.0 0.0 0.0 0.0030340874799543744 0.0 0.0
566|0.0 0.0007377016717465323 0.0014531887334073672 0.0 0.00035599930496162737 0.0 9.126763190340187e-05 0.00245172771786978 2.654318024536202e-05 0.00048713196148629035
567|0.0 0.0012251515711694664 0.0 0.010785600132177841 0.0002499093664123338 0.0 0.0001024875732226503 0.0 0.0 0.0
568|0.0 0.00343806527571906 0.002684454534518117 0.001460646712125519 0.0 0.0 0.0 0.002300922637251499 0.0 0.0002862386328196929
569|0.0 0.0059667234988957495 0.0 0.006099572048666803 0.0 0.0 0.0 0.0 0.0 0.0
570|0.0 0.024520054483552715 0.0 0.056147267840024176 0.0 0.0 0.0 0.0034151470711066435 0.0 0.004787506062436534
571|0.0 0.00343806527571906 0.002684454534518117 0.001460646712125519 0.0 0.0 0.0 0.002300922637251499 0.0 0.0002862386328196929
572|0.002615654599618141 0.0 0.005375409696420905 0.00042411185365546995 0.0 0.0 0.0 0.0005627108093289343 0.0004296377577791387 0.0
573|0.002438206256700968 0.0 0.0 0.0021437681681166277 0.000943766585654323 0.0 0.0 0.0 0.0 0.0
574|0.0 0.0 0.0 0.0 0.0 0.0 0.0 0.0 0.0 2.306825467135646e-220
575|0.0 0.0 0.0 0.0 0.0 0.0 0.0 0.0 0.0 7.887222194766051e-220
576|0.0 0.00343806527571906 0.002684454534518117 0.001460646712125519 0.0 0.0 0.0 0.002300922637251499 0.0 0.0002862386328196929
577|0.0 0.0027400614943827975 0.0 0.000670139001940159 4.45415067331791e-05 0.0 0.0 0.004241824305341607 0.0 0.0
578|0.0 0.0 0.0 0.0 0.0 0.0 0.0 0.0 0.0 7.71490003928409e-220
579|0.0 0.004917345394437469 0.0 0.0 0.0 0.0 0.0 0.0 0.0 0.0
580|0.002218623974295992 0.0 0.0 0.001960172764042126 0.0 0.002283003201985943 0.0 0.0 0.0 0.0007894780626635653
581|0.0 0.0 0.0 0.0016020821586154813 0.0009613165139155961 0.0 0.00042708340045872567 0.0 0.000256329703140921 0.0
582|0.0 0.0 0.003843625703718147 0.0 0.0 0.0 0.0 0.0014562021661039864 0.0005434727669037083 0.0
583|0.0 0.0 0.0 0.0 0.0 0.0 0.0 0.0 0.0 6.1071262135465875e-220
584|0.0 0.0 0.0 0.0 0.0 0.0 0.0 0.0 0.0 6.936986774119762e-197
585|0.0 0.0004007085501010883 0.0 0.143572734492242 0.00019010178085527798 0.0 0.0 0.0 0.0 0.0
586|0.0 0.0 0.0 0.007545182872629145 0.0006807090896124685 0.0 0.0 0.0 0.0 0.0
587|0.0 0.0 0.0 0.0 0.0 0.0 0.0 0.0 0.0 6.936986774119762e-197
588|0.0 0.0059084863622043335 0.0 0.045448684636178356 0.0 0.0 0.0 0.0025509003772199047 0.0 0.0
589|0.0 0.0 0.0 0.025143327828991157 0.0 0.00011147563067322638 0.0 0.0006203517187576375 0.0 0.0
590|0.008132449428585025 0.0 0.00023872956592104397 0.004255616266291012 0.0 0.0 0.0014835541131116897 0.0 0.0 0.0010624541591146455
591|0.0 0.010500763886814432 0.00031274316111418984 0.006352881819885142 7.260144281030483e-05 0.0 0.00022977787607986202 0.0 0.0 0.00048592036772862087
592|0.0 0.0009423637173076022 0.0 0.0151616064700777 0.0 0.0008107366082870926 0.0 0.0017277905132174057 0.0 0.0
593|0.0 0.0 0.0 0.009878136033644727 0.0 0.0017083165888850788 0.0 0.003434504109992013 0.0 0.0
594|0.0 0.00762537351117235 0.0 0.0032129771380571665 0.0 0.0 0.0 0.0 0.0 0.00045964844658431353
595|0.0 0.02408526603262893 0.0 0.1336282458189016 0.00014663235421045966 0.0 0.0 0.0 0.0 0.0006095723358167399
596|0.0 0.0 0.009281414118341966 0.045541632805505904 0.0 2.019418885929791e-05 0.0 0.007711930977219156 0.0 0.0
597|0.014543182720802406 0.0 0.0030743550964685046 0.08405291162268584 0.0007203898021679422 0.0020379336086686485 0.0 0.0038650551058635376 0.0 0.0
598|0.0 0.0 0.00043906729522970404 0.016166815648373217 0.00044309083141007565 0.0008761561131792469 0.0 0.0018664675513737582 0.0 0.0
599|0.0 8.488793050761406e-05 0.0 0.014259074949604704 0.0 0.0 0.0 0.0022178802234055607 0.0 0.0
600|0.0 0.0 0.0 0.022137682491417558 0.0 0.0 0.0 0.0009863872927810102 0.0 0.0
601|0.00355011028175365 0.0 0.004459351351324136 0.0 0.0 0.0 0.0 0.0008158246685281101 0.0 0.0
602|0.0 0.0 0.0 0.040039919859531294 0.0 0.0006748284478900752 0.0 0.007407651295643761 0.0 0.0
603|0.0 0.009433744215828415 0.010039146775988399 0.11401748105643239 0.0 0.0 0.0 0.0020413880952603173 0.0 0.0
604|0.0003845419533903238 0.0057248750732733006 0.0 0.0 0.0 0.0 0.0 0.0 0.0003529466772890492 0.0017170095253330089
605|0.0032807054036837475 0.0 0.0 0.0 0.0 0.0 0.0005637656363364407 0.0 0.0006003208593126321 0.0
606|0.0030186224271133238 0.0010302733065015032 0.0 0.00033339539921575995 0.0 0.0 0.0 0.0 0.00047043784992859466 0.0011988721980067266
607|0.0 0.019027725159217242 0.0 0.11101819471409544 0.0 0.0 0.0 0.0 0.0 0.0
608|0.0 0.0014197042376062504 0.0 0.011396321298228432 0.00015992924641044942 0.0 0.0 0.004765563911170988 0.0 0.0
609|0.0 0.0 0.003136803189636027 0.0 0.00042554911114413676 0.0 0.0 0.001547288563232003 0.0 0.0007675930139769403
610|0.0 0.0 0.0 2.7130398740518003e-05 0.0 0.00011148896981736196 0.0 0.0 0.0 0.0
611|0.0 0.00343806527571906 0.002684454534518117 0.001460646712125519 0.0 0.0 0.0 0.002300922637251499 0.0 0.0002862386328196929
612|0.0 0.0 0.0 0.01763554309428134 0.0 0.0 0.0 0.0013599763379065078 0.0 0.0024981947364971836
613|0.0 0.0 0.0 0.00856932401232506 0.0 0.0 2.386185395984888e-05 0.0 0.0 0.0027273776388697076
614|0.003389269453244058 0.00011112235775554628 0.0050393404595641955 0.0 0.0 0.0 0.00045463984066226946 0.0 0.0004004355924402213 0.0
615|0.0 0.0 0.0 0.0 0.0 0.0 0.0 0.0 9.32958097689657e-242 0.0
616|0.0 0.0 0.0 0.0026148401587896804 0.0008292391310148352 0.0 0.0 0.00035034039932011434 0.0 0.0
617|0.0 0.0 0.0 0.0003823373572057589 0.0 0.0 0.0 0.0 0.0 0.0
618|0.0 0.0 0.0 0.0010667430551339284 0.0 0.0 0.0 0.0 0.0 0.0
619|0.0 0.0 0.0 0.0 0.0 0.0 0.0 0.0 0.0 1.508889134387307e-219
